0 0 0 0 0 0 0 0 0 0 0 0 0 0 0 0 0 0 0 0 0 0 0 0 0 0 0 0 0 0 0 0 0 0 0 0 0 0 0 0 0 0 0 0 0 0 0 0 0 0 
0 0 0 0 0 0 0 0 0 0 0 0 0 0 0 0 0 0 0 0 0 0 0 0 0 0 0 0 0 0 0 0 0 0 0 0 0 0 0 0 0 0 0 0 0 0 0 0 0 0 
0 0 0 0 0 0 0 0 0 0 0 0 0 0 0 0 0 0 0 0 0 0 0 0 0 0 0 0 0 0 0 0 0 0 0 0 0 0 0 0 0 0 0 0 0 0 0 0 0 0 
0 0 0 0 0 0 0 0 0 0 0 0 0 0 0 0 0 0 0 0 0 0 0 0 0 0 0 0 0 0 0 0 0 0 0 0 0 0 0 0 0 0 0 0 0 0 0 0 0 0 
0 0 0 0 0 0 0 0 0 0 0 0 0 0 0 0 0 0 0 0 0 0 0 0 0 0 0 0 0 0 0 0 0 0 0 0 0 0 0 0 0 0 0 0 0 0 0 0 0 0 
0 0 0 0 0 0 0 0 0 0 0 0 0 0 0 0 0 0 0 0 0 0 0 0 0 0 0 0 0 0 0 0 0 0 0 0 0 0 0 0 0 0 0 0 0 0 0 0 0 0 
0 0 0 0 0 0 0 0 0 0 0 0 0 0 0 0 0 0 0 0 0 0 0 0 0 0 0 0 0 0 0 0 0 0 0 0 0 0 0 0 0 0 0 0 0 0 0 0 0 0 
0 0 0 0 0 0 0 0 0 0 0 0 0 0 0 0 0 0 0 0 0 0 0 0 0 0 0 0 0 0 0 0 0 0 0 0 0 0 0 0 0 0 0 0 0 0 0 0 0 0 
0 0 0 0 0 0 0 0 0 0 0 0 0 0 0 0 0 0 0 0 0 0 0 0 0 0 0 0 0 0 0 0 0 0 0 0 0 0 0 0 0 0 0 0 0 0 0 0 0 0 
0 0 0 0 0 0 0 0 0 0 0 0 0 0 0 0 0 0 0 0 0 0 0 0 0 0 0 0 0 0 0 0 0 0 0 0 0 0 0 0 0 0 0 0 0 0 0 0 0 0 
0 0 0 0 0 0 0 0 0 0 0 0 0 0 0 0 0 0 0 0 0 0 0 0 0 0 0 0 0 0 0 0 0 0 0 0 0 0 0 0 0 0 0 0 0 0 0 0 0 0 
0 0 0 0 0 0 0 0 0 0 0 0 0 0 0 0 0 0 0 0 0 0 0 0 0 0 0 0 0 0 0 0 0 0 0 0 0 0 0 0 0 0 0 0 0 0 0 0 0 0 
0 0 0 0 0 0 0 0 0 0 0 0 0 0 0 0 0 0 0 0 0 0 0 0 0 0 0 0 0 0 0 0 0 0 0 0 0 0 0 0 0 0 0 0 0 0 0 0 0 0 
0 0 2 2 2 2 2 2 17 17 2 17 17 17 17 17 17 17 17 17 17 16 17 17 17 17 17 17 17 17 17 17 17 17 17 17 17 17 17 17 49 58 47 47 47 47 47 47 47 55
0 0 2 2 2 2 2 2 17 17 2 17 17 17 17 17 17 17 17 17 17 16 17 17 17 17 17 17 17 17 17 17 17 17 17 17 17 17 17 17 49 58 47 47 47 47 47 47 47 55 
0 0 2 2 2 2 2 2 17 17 17 17 17 17 17 17 17 17 17 17 17 16 16 17 17 17 17 16 16 16 17 17 17 17 16 17 16 16 16 17 49 58 47 47 47 47 47 47 47 55 
0 0 2 2 2 2 2 2 17 17 17 16 16 16 16 17 17 17 17 17 17 17 16 16 17 17 17 17 17 16 17 17 16 16 17 17 16 16 16 17 49 58 47 47 47 47 47 47 47 55 
0 0 2 2 2 2 2 2 17 17 16 16 17 17 17 17 16 16 16 16 16 16 16 17 17 16 17 16 16 17 17 16 16 16 16 17 17 17 17 17 49 58 47 47 47 47 47 47 47 55 
0 0 2 2 2 2 2 2 17 17 17 17 17 17 17 17 16 17 17 17 17 17 17 17 17 16 16 17 17 17 16 16 17 17 17 17 16 17 17 17 49 47 47 47 47 47 47 47 47 55 
0 0 2 2 2 2 2 2 2 17 17 17 16 16 17 17 16 16 17 17 17 16 17 17 17 16 2 2 2 2 2 16 59 16 2 2 2 16 17 17 49 47 47 47 47 47 47 47 47 55
0 0 2 2 2 2 2 2 2 17 16 16 16 17 17 17 17 17 17 17 17 16 17 16 16 17 17 2 2 2 2 2 2 2 2 2 16 16 17 17 49 58 47 47 47 47 47 47 47 55 
0 0 2 17 17 17 17 17 16 16 16 17 17 17 17 16 16 16 17 17 17 16 16 16 2 2 2 2 2 17 17 2 2 2 2 2 2 2 17 16 49 58 47 47 47 47 47 47 47 55 
0 0 2 17 17 17 16 16 16 17 17 17 17 17 17 16 2 2 2 2 2 2 2 2 2 2 2 2 17 17 2 2 2 2 17 17 2 2 2 16 49 58 47 47 47 47 47 47 47 55 
0 0 17 17 17 17 17 17 17 17 17 17 17 17 16 16 2 2 20 22 2 2 2 2 2 2 2 2 17 2 2 2 2 2 2 17 17 2 2 2 49 58 47 47 47 47 47 47 47 55 
0 0 17 17 17 17 17 17 17 17 2 17 17 17 16 2 2 2 25 27 2 17 2 2 2 2 2 2 17 2 2 2 2 2 2 2 2 2 2 2 49 58 47 47 47 47 47 47 47 55 
0 0 17 17 16 16 16 16 16 16 17 17 17 17 16 2 2 2 2 2 2 16 16 17 2 2 2 2 2 2 2 2 20 21 21 21 22 2 2 2 49 58 47 47 47 47 47 47 47 51 
0 0 17 17 17 17 17 17 17 16 16 17 17 2 16 2 2 2 2 2 17 16 2 2 2 2 2 2 2 2 2 2 23 18 18 18 24 2 2 2 49 58 47 47 47 47 47 47 47 47 
0 0 2 2 17 17 17 2 2 17 17 2 2 16 16 2 2 2 2 2 17 2 2 2 2 2 20 21 21 21 21 21 31 18 19 19 24 2 2 2 49 58 47 47 47 47 47 47 47 47 
0 0 2 2 2 2 17 17 17 16 17 17 17 2 16 2 2 20 22 2 2 2 2 2 2 2 23 18 18 28 26 26 29 19 18 18 24 17 2 2 49 47 47 47 47 47 47 47 47 47 
0 0 2 2 2 2 2 2 17 16 17 16 17 2 16 2 2 25 27 2 2 2 2 2 2 2 23 18 18 24 17 2 25 29 18 18 24 2 2 2 49 49 49 49 49 49 49 49 49 49 
0 0 2 2 17 17 17 17 17 16 17 17 17 17 16 2 2 2 2 2 17 17 2 2 2 2 23 18 19 30 21 22 2 23 28 26 27 2 2 17 17 17 17 17 2 2 2 2 2 2 
0 0 2 17 2 2 2 17 16 17 17 17 17 17 16 2 2 2 17 17 17 2 2 2 2 2 23 18 18 18 18 30 21 31 24 2 2 2 17 17 16 16 16 17 2 2 2 2 2 2 
0 0 17 2 2 2 17 16 16 16 16 2 17 17 16 2 2 2 17 2 2 2 2 2 2 2 25 26 26 26 26 26 26 26 27 2 2 2 17 16 17 16 17 2 2 2 2 2 2 2 
0 0 17 17 2 2 16 16 16 17 16 17 17 2 16 2 2 2 17 2 2 2 2 2 2 2 2 2 2 2 2 2 2 2 2 2 2 16 16 17 17 16 2 2 2 2 2 2 2 2 
0 0 2 17 17 16 16 17 16 16 16 17 17 2 17 2 2 2 2 2 2 2 2 2 2 2 2 2 16 2 17 2 2 2 2 2 17 16 17 17 17 17 2 2 2 2 2 2 2 2 
0 0 2 2 17 17 17 17 17 16 17 17 17 2 16 16 16 2 2 2 2 2 2 2 2 2 2 16 16 16 17 2 2 2 2 2 17 16 16 16 16 17 16 17 2 2 2 2 2 2 
0 0 2 2 2 2 17 17 17 17 2 17 17 17 17 17 17 16 16 17 17 17 17 17 16 16 16 16 17 17 17 17 17 17 17 17 17 16 2 2 2 2 2 17 16 2 2 2 20 21 
0 0 2 2 2 2 17 2 2 2 17 17 17 16 16 2 17 17 17 17 17 17 17 17 17 2 17 17 17 17 16 2 2 16 17 17 2 2 2 2 20 21 21 21 21 21 21 21 31 18 
0 0 2 2 2 2 17 2 2 2 2 2 17 16 16 17 17 2 2 17 17 16 16 17 17 16 16 16 2 17 17 17 2 16 16 16 2 2 2 2 23 18 18 18 18 18 18 19 19 19 
0 0 2 2 2 2 17 17 17 17 17 17 17 17 16 16 17 17 17 17 17 2 17 17 17 17 2 17 17 17 2 2 2 2 17 17 2 2 2 2 23 18 19 19 19 18 18 18 18 18 
0 0 2 2 2 2 2 2 2 2 2 2 2 2 2 16 16 16 2 2 17 2 2 2 2 17 17 17 2 2 2 2 2 2 2 2 2 2 2 2 23 18 18 18 18 28 26 26 26 26 
0 0 2 2 2 2 2 2 2 2 2 2 2 2 2 16 2 16 2 2 17 2 2 17 2 2 16 2 2 2 2 16 2 2 17 2 2 2 2 2 23 18 18 18 18 28 26 26 26 26
0 0 0 0 0 0 0 0 0 0 0 0 0 0 0 0 0 0 0 0 0 0 0 0 0 0 0 0 0 0 0 0 0 0 0 0 0 0 0 0 0 0 0 0 0 0 0 0 0 0 
0 0 0 0 0 0 0 0 0 0 0 0 0 0 0 0 0 0 0 0 0 0 0 0 0 0 0 0 0 0 0 0 0 0 0 0 0 0 0 0 0 0 0 0 0 0 0 0 0 0 
0 0 0 0 0 0 0 0 0 0 0 0 0 0 0 0 0 0 0 0 0 0 0 0 0 0 0 0 0 0 0 0 0 0 0 0 0 0 0 0 0 0 0 0 0 0 0 0 0 0 
0 0 0 0 0 0 0 0 0 0 0 0 0 0 0 0 0 0 0 0 0 0 0 0 0 0 0 0 0 0 0 0 0 0 0 0 0 0 0 0 0 0 0 0 0 0 0 0 0 0 
0 0 0 0 0 0 0 0 0 0 0 0 0 0 0 0 0 0 0 0 0 0 0 0 0 0 0 0 0 0 0 0 0 0 0 0 0 0 0 0 0 0 0 0 0 0 0 0 0 0 
0 0 0 0 0 0 0 0 0 0 0 0 0 0 0 0 0 0 0 0 0 0 0 0 0 0 0 0 0 0 0 0 0 0 0 0 0 0 0 0 0 0 0 0 0 0 0 0 0 0 
0 0 0 0 0 0 0 0 0 0 0 0 0 0 0 0 0 0 0 0 0 0 0 0 0 0 0 0 0 0 0 0 0 0 0 0 0 0 0 0 0 0 0 0 0 0 0 0 0 0 
0 0 0 0 0 0 0 0 0 0 0 0 0 0 0 0 0 0 0 0 0 0 0 0 0 0 0 0 0 0 0 0 0 0 0 0 0 0 0 0 0 0 0 0 0 0 0 0 0 0 
