0 0 0 0 0 0 0 0 0 0 0 0 0 0 0 0 0 0 0 0 0 0 0 0 0 0 0 0 0 0 0 0 0 0 0 0 0 0 0 0 0 0 0 0 0 0 0 0 0 0 
0 0 0 0 0 0 0 0 0 0 0 0 0 0 0 0 0 0 0 0 0 0 0 0 0 0 0 0 0 0 0 0 0 0 0 0 0 0 0 0 0 0 0 0 0 0 0 0 0 0 
0 0 0 0 0 0 0 0 0 0 0 0 0 0 0 0 0 0 0 0 0 0 0 0 0 0 0 0 0 0 0 0 0 0 0 0 0 0 0 0 0 0 0 0 0 0 0 0 0 0 
0 0 0 0 0 0 0 0 0 0 0 0 0 0 0 0 0 0 0 0 0 0 0 0 0 0 0 0 0 0 0 0 0 0 0 0 0 0 0 0 0 0 0 0 0 0 0 0 0 0 
0 0 0 0 0 0 0 0 0 0 0 0 0 0 0 0 0 0 0 0 0 0 0 0 0 0 0 0 0 0 0 0 0 0 0 0 0 0 0 0 0 0 0 0 0 0 0 0 0 0 
0 0 0 0 0 0 0 0 0 0 0 0 0 0 0 0 0 0 0 0 0 0 0 0 0 0 0 0 0 0 0 0 0 0 0 0 0 0 0 0 0 0 0 0 0 0 0 0 0 0 
0 0 0 0 0 0 0 0 0 0 0 0 0 0 0 0 0 0 0 0 0 0 0 0 0 0 0 0 0 0 0 0 0 0 0 0 0 0 0 0 0 0 0 0 0 0 0 0 0 0 
0 0 0 0 0 0 0 0 0 0 0 0 0 0 0 0 0 0 0 0 0 0 0 0 0 0 0 0 0 0 0 0 0 0 0 0 0 0 0 0 0 0 0 0 0 0 0 0 0 0 
0 0 0 0 0 0 0 0 0 0 0 0 0 0 0 0 0 0 0 0 0 0 0 0 0 0 0 0 0 0 0 0 0 0 0 0 0 0 0 0 0 0 0 0 0 0 0 0 0 0 
0 0 0 0 0 0 0 0 0 0 0 0 0 0 0 0 0 0 0 0 0 0 0 0 0 0 0 0 0 0 0 0 0 0 0 0 0 0 0 0 0 0 0 0 0 0 0 0 0 0 
0 0 0 0 0 0 0 0 0 0 0 0 0 0 0 0 0 0 0 0 0 0 0 0 0 0 0 0 0 0 0 0 0 0 0 0 0 0 0 0 0 0 0 0 0 0 0 0 0 0 
0 0 0 0 0 0 0 0 0 0 0 0 0 0 0 0 0 0 0 0 0 0 0 0 0 0 0 0 0 0 0 0 0 0 0 0 0 0 0 0 0 0 0 0 0 0 0 0 0 0 
0 0 0 0 0 0 0 0 0 0 0 0 0 0 0 0 0 0 0 0 0 0 0 0 0 0 0 0 0 0 0 0 0 0 0 0 0 0 0 0 0 0 0 0 0 0 0 0 0 0 
0 0 0 0 0 0 0 0 0 0 0 0 0 0 0 0 0 0 0 0 0 0 0 0 0 0 0 0 0 0 0 0 0 0 0 0 0 0 0 0 0 0 0 0 0 0 0 0 0 0 
0 0 0 0 0 0 0 0 0 0 0 0 0 0 0 0 0 0 0 0 0 0 0 0 0 0 0 0 0 0 0 0 0 0 0 0 0 0 0 0 0 0 0 0 0 0 0 0 0 0 
0 0 0 0 0 0 90 94 94 94 94 94 94 94 94 94 94 94 94 94 94 94 94 94 94 94 94 94 94 94 94 94 94 94 94 94 94 94 94 89 0 0 0 0 0 0 0 0 0 0 
0 0 0 0 0 0 87 78 80 78 80 78 80 78 80 78 80 78 80 78 80 78 80 78 80 78 80 78 80 78 80 78 80 78 80 78 80 78 80 86 0 0 0 0 0 0 0 0 0 0 
0 0 0 0 0 0 87 69 69 69 69 69 69 69 69 69 69 69 69 69 69 69 69 69 69 69 69 69 69 69 69 69 69 69 69 72 69 69 69 86 0 0 0 0 0 0 0 0 0 0 
0 0 0 0 0 0 87 69 69 69 69 69 69 69 69 69 70 71 69 69 69 69 69 69 69 69 70 69 69 69 69 69 76 69 69 69 69 69 69 86 0 0 0 0 0 0 0 0 0 0 
0 0 0 0 0 0 87 69 69 69 69 69 69 69 69 69 69 69 70 69 69 69 69 69 69 69 69 69 69 69 69 69 70 69 69 69 69 69 69 86 0 0 0 0 0 0 0 0 0 0 
0 0 0 0 0 0 87 69 69 72 70 69 69 69 69 69 69 69 69 69 69 71 69 69 69 72 69 69 69 69 69 69 69 69 69 69 69 69 69 86 0 0 0 0 0 0 0 0 0 0 
0 0 0 0 0 0 87 69 69 69 69 69 69 69 69 69 69 69 76 69 69 69 69 69 69 69 69 71 69 69 69 69 69 69 69 69 69 69 69 86 0 0 0 0 0 0 0 0 0 0 
0 0 0 0 0 0 87 69 69 69 69 71 69 69 76 69 69 69 69 69 69 69 69 69 70 69 69 69 69 69 69 69 69 71 69 69 69 69 69 86 0 0 0 0 0 0 0 0 0 0 
0 0 0 0 0 0 87 69 69 69 69 69 69 70 69 69 72 69 69 69 69 69 69 71 69 69 69 69 69 70 69 69 69 72 69 69 69 69 69 86 0 0 0 0 0 0 0 0 0 0 
0 0 0 0 0 0 87 69 69 69 69 69 69 69 69 69 70 69 69 69 69 69 69 70 69 70 69 69 69 69 69 69 69 69 70 69 69 69 69 86 0 0 0 0 0 0 0 0 0 0 
0 0 0 0 0 0 87 69 69 70 72 69 69 69 76 69 69 69 76 69 70 69 69 69 69 69 69 69 69 69 69 69 69 69 69 69 69 69 69 86 0 0 0 0 0 0 0 0 0 0 
0 0 0 0 0 0 87 69 69 69 69 69 69 69 69 69 69 69 69 69 69 76 69 69 71 69 71 69 69 69 69 69 76 69 69 69 69 72 69 86 0 0 0 0 0 0 0 0 0 0 
0 0 0 0 0 0 87 69 69 69 69 69 69 69 69 69 69 69 69 69 72 69 69 69 69 69 69 69 69 69 69 69 69 69 69 69 69 69 69 86 0 0 0 0 0 0 0 0 0 0 
0 0 0 0 0 0 87 69 69 69 72 69 69 69 69 69 69 69 69 69 69 72 69 69 69 69 70 69 69 69 69 69 69 69 69 69 69 69 69 86 0 0 0 0 0 0 0 0 0 0 
0 0 0 0 0 0 87 69 69 69 70 69 69 69 69 69 69 69 69 69 70 69 69 69 69 69 69 69 69 69 70 69 69 69 69 69 69 69 69 86 0 0 0 0 0 0 0 0 0 0 
0 0 0 0 0 0 87 38 69 69 69 69 69 76 69 69 69 69 69 69 69 69 69 69 69 69 69 69 69 69 69 69 69 69 72 69 69 69 69 86 0 0 0 0 0 0 0 0 0 0 
0 0 0 0 0 0 87 69 69 69 71 69 69 69 69 69 69 69 69 69 69 69 69 69 69 69 69 69 69 72 69 69 69 69 69 69 69 69 69 86 0 0 0 0 0 0 0 0 0 0 
0 0 0 0 0 0 87 93 93 93 93 93 93 93 93 93 93 93 93 93 93 93 93 93 93 93 93 93 93 93 93 93 93 93 93 93 93 93 93 86 0 0 0 0 0 0 0 0 0 0 
0 0 0 0 0 0 0 0 0 0 0 0 0 0 0 0 0 0 0 0 0 0 0 0 0 0 0 0 0 0 0 0 0 0 0 0 0 0 0 0 0 0 0 0 0 0 0 0 0 0 
0 0 0 0 0 0 0 0 0 0 0 0 0 0 0 0 0 0 0 0 0 0 0 0 0 0 0 0 0 0 0 0 0 0 0 0 0 0 0 0 0 0 0 0 0 0 0 0 0 0 
0 0 0 0 0 0 0 0 0 0 0 0 0 0 0 0 0 0 0 0 0 0 0 0 0 0 0 0 0 0 0 0 0 0 0 0 0 0 0 0 0 0 0 0 0 0 0 0 0 0 
0 0 0 0 0 0 0 0 0 0 0 0 0 0 0 0 0 0 0 0 0 0 0 0 0 0 0 0 0 0 0 0 0 0 0 0 0 0 0 0 0 0 0 0 0 0 0 0 0 0 
0 0 0 0 0 0 0 0 0 0 0 0 0 0 0 0 0 0 0 0 0 0 0 0 0 0 0 0 0 0 0 0 0 0 0 0 0 0 0 0 0 0 0 0 0 0 0 0 0 0 
0 0 0 0 0 0 0 0 0 0 0 0 0 0 0 0 0 0 0 0 0 0 0 0 0 0 0 0 0 0 0 0 0 0 0 0 0 0 0 0 0 0 0 0 0 0 0 0 0 0 
0 0 0 0 0 0 0 0 0 0 0 0 0 0 0 0 0 0 0 0 0 0 0 0 0 0 0 0 0 0 0 0 0 0 0 0 0 0 0 0 0 0 0 0 0 0 0 0 0 0 
0 0 0 0 0 0 0 0 0 0 0 0 0 0 0 0 0 0 0 0 0 0 0 0 0 0 0 0 0 0 0 0 0 0 0 0 0 0 0 0 0 0 0 0 0 0 0 0 0 0 
0 0 0 0 0 0 0 0 0 0 0 0 0 0 0 0 0 0 0 0 0 0 0 0 0 0 0 0 0 0 0 0 0 0 0 0 0 0 0 0 0 0 0 0 0 0 0 0 0 0 
0 0 0 0 0 0 0 0 0 0 0 0 0 0 0 0 0 0 0 0 0 0 0 0 0 0 0 0 0 0 0 0 0 0 0 0 0 0 0 0 0 0 0 0 0 0 0 0 0 0 
0 0 0 0 0 0 0 0 0 0 0 0 0 0 0 0 0 0 0 0 0 0 0 0 0 0 0 0 0 0 0 0 0 0 0 0 0 0 0 0 0 0 0 0 0 0 0 0 0 0 
0 0 0 0 0 0 0 0 0 0 0 0 0 0 0 0 0 0 0 0 0 0 0 0 0 0 0 0 0 0 0 0 0 0 0 0 0 0 0 0 0 0 0 0 0 0 0 0 0 0 
0 0 0 0 0 0 0 0 0 0 0 0 0 0 0 0 0 0 0 0 0 0 0 0 0 0 0 0 0 0 0 0 0 0 0 0 0 0 0 0 0 0 0 0 0 0 0 0 0 0 
0 0 0 0 0 0 0 0 0 0 0 0 0 0 0 0 0 0 0 0 0 0 0 0 0 0 0 0 0 0 0 0 0 0 0 0 0 0 0 0 0 0 0 0 0 0 0 0 0 0 
0 0 0 0 0 0 0 0 0 0 0 0 0 0 0 0 0 0 0 0 0 0 0 0 0 0 0 0 0 0 0 0 0 0 0 0 0 0 0 0 0 0 0 0 0 0 0 0 0 0 
0 0 0 0 0 0 0 0 0 0 0 0 0 0 0 0 0 0 0 0 0 0 0 0 0 0 0 0 0 0 0 0 0 0 0 0 0 0 0 0 0 0 0 0 0 0 0 0 0 0 
0 0 0 0 0 0 0 0 0 0 0 0 0 0 0 0 0 0 0 0 0 0 0 0 0 0 0 0 0 0 0 0 0 0 0 0 0 0 0 0 0 0 0 0 0 0 0 0 0 0 
