0 0 0 0 0 0 90 94 94 94 94 94 94 94 89 0 0 0 0 0 0 0 0 0 0 0 0 0 0 0 0 0 0 0 0 0 0 0 0 0 0 0 0 0 0 0 0 0 0 0 
0 0 0 0 0 0 87 84 84 84 40 84 84 84 86 0 0 0 0 0 0 0 0 0 0 0 0 0 0 0 0 0 0 0 0 0 0 0 0 0 0 0 0 0 0 0 0 0 0 0 
0 0 0 0 0 0 87 69 70 69 69 69 69 76 86 0 0 0 0 0 0 0 0 0 0 0 0 0 0 0 0 0 0 0 0 0 0 0 0 0 0 0 0 0 0 0 0 0 0 0 
0 0 0 0 0 0 87 69 76 69 69 69 72 69 86 0 0 0 0 0 0 0 0 0 0 0 0 0 0 0 0 0 0 0 0 0 0 0 0 0 0 0 0 0 0 0 0 0 0 0 
0 0 0 0 0 0 87 69 69 69 70 76 69 69 86 0 0 0 0 0 0 0 0 0 0 0 0 0 0 0 0 0 0 0 90 94 94 89 0 0 0 0 0 0 0 0 0 0 0 0 
0 0 0 0 0 0 87 69 69 73 69 73 69 69 86 0 0 0 0 0 0 0 0 0 0 0 0 0 0 0 0 0 0 0 87 84 84 92 89 0 0 0 0 0 0 0 0 0 0 0 
0 0 0 0 0 0 87 69 72 69 73 69 69 69 86 0 0 0 0 0 0 0 0 0 0 0 0 0 0 0 0 0 0 0 87 69 69 84 92 89 0 0 0 0 0 0 0 0 0 0 
0 0 0 0 0 0 87 69 69 69 69 69 69 70 86 0 0 0 0 0 0 0 0 0 0 0 0 0 0 0 0 0 0 0 87 69 69 69 84 86 0 0 0 0 0 0 0 0 0 0 
0 0 0 0 0 0 87 70 69 69 69 73 69 69 86 0 0 0 0 0 0 0 0 0 90 94 94 94 89 0 0 0 0 0 87 69 69 69 69 92 94 94 94 94 94 94 94 94 89 0 
0 0 0 0 0 0 87 93 93 93 72 93 93 93 92 94 94 94 89 0 0 0 0 0 87 84 84 84 92 94 94 94 94 94 91 69 69 69 69 84 84 84 84 84 84 84 84 84 86 0 
0 0 0 0 0 0 87 83 81 83 69 83 81 82 84 84 84 84 86 0 0 0 0 0 87 69 69 69 84 84 84 84 84 84 84 69 69 69 69 69 69 69 70 69 69 69 69 69 86 0
0 0 0 0 0 0 87 69 69 70 70 69 70 70 69 69 69 69 86 0 0 0 0 0 87 69 69 69 69 69 69 69 69 69 69 69 69 69 69 93 93 93 93 93 93 93 69 69 86 0 
0 0 0 0 0 90 91 69 69 69 69 69 69 69 69 69 69 69 86 0 0 0 0 0 87 69 69 75 69 69 69 69 69 69 69 69 69 69 69 86 0 0 0 0 0 87 69 69 86 0 
0 0 0 0 0 87 85 69 69 69 69 69 69 69 69 69 69 69 86 0 0 0 0 0 87 69 69 69 69 69 69 69 69 69 69 69 69 69 69 92 94 94 94 89 0 87 69 69 86 0 
0 0 0 0 0 87 69 69 69 70 69 69 69 69 69 75 69 69 86 0 0 0 0 0 87 69 69 69 69 69 70 69 69 69 69 69 69 69 69 84 84 84 84 92 89 87 69 69 86 0 
0 0 0 0 0 87 69 69 69 69 69 69 69 70 69 69 69 69 86 0 0 0 0 0 87 69 69 69 69 69 69 69 69 69 69 69 69 69 75 69 69 69 69 84 86 87 69 69 86 0 
0 0 0 0 0 87 69 69 69 69 69 69 69 69 69 69 69 69 86 0 0 0 0 0 87 69 69 69 69 69 69 69 69 70 69 69 69 69 69 69 69 93 93 93 86 87 69 69 86 0 
0 0 0 0 0 87 69 69 69 69 69 69 69 69 69 69 69 69 86 0 0 0 0 0 87 69 69 69 69 69 69 69 69 69 69 69 69 69 69 69 69 86 0 0 0 87 69 69 86 0 
0 0 0 0 0 87 69 69 69 69 69 70 69 69 69 69 69 69 86 0 0 0 0 0 87 93 93 93 93 93 93 69 69 75 69 69 69 69 69 69 69 86 0 0 0 87 69 69 86 0 
0 0 0 0 0 87 75 69 69 69 69 69 69 69 75 69 69 69 86 0 0 0 0 0 0 0 0 0 0 0 87 69 69 69 69 69 69 69 69 69 69 86 0 0 0 87 70 69 86 0 
0 0 0 0 90 91 69 69 69 69 69 69 69 69 69 69 69 69 86 0 0 0 0 0 0 0 0 0 0 0 87 69 69 69 69 69 69 69 69 69 69 86 0 0 0 87 69 69 86 0 
0 0 0 0 87 84 69 69 69 69 69 69 69 69 69 69 69 69 92 94 94 94 94 94 94 94 94 94 94 94 91 69 69 69 69 69 69 69 93 93 93 86 0 0 0 87 69 69 86 0 
0 0 0 0 87 69 69 69 70 69 69 69 75 69 69 69 69 69 84 84 84 84 84 84 84 84 84 84 84 84 84 69 69 69 69 70 69 69 86 0 0 0 0 0 0 87 69 69 86 0 
0 0 0 0 87 69 69 69 69 69 69 69 69 69 69 70 69 69 69 69 69 69 69 69 69 69 69 69 69 69 69 69 69 69 69 69 69 69 86 0 0 0 0 0 0 87 69 69 86 0 
0 0 0 0 87 69 69 69 69 69 69 69 69 69 69 69 69 69 69 69 69 69 69 69 69 69 69 93 93 93 93 69 69 69 69 69 69 69 86 0 0 0 0 0 0 87 69 69 86 0 
0 0 0 0 87 93 93 93 93 93 93 93 93 93 93 93 93 93 93 93 93 69 69 69 70 69 69 86 0 0 87 69 75 69 69 69 69 69 86 0 0 0 0 0 0 87 69 70 86 0 
0 0 0 0 0 0 0 0 0 0 0 0 0 0 0 0 0 0 0 0 87 69 69 69 69 69 69 86 0 0 87 69 69 69 69 69 69 69 92 88 88 89 0 0 0 87 69 69 86 0 
0 0 0 0 0 0 0 0 0 0 0 0 0 0 0 0 0 0 0 0 87 69 69 69 69 69 69 86 0 0 87 69 69 69 69 69 69 69 84 84 84 86 0 0 0 87 70 69 86 0 
0 0 0 0 0 0 0 0 0 0 0 0 90 94 94 94 94 94 94 94 91 69 69 69 69 69 69 86 0 0 87 69 69 69 69 69 69 69 69 69 69 86 0 0 0 87 69 69 86 0 
0 0 0 0 0 0 0 0 0 0 0 0 87 84 84 84 84 84 84 84 84 69 69 69 69 69 69 86 0 0 87 69 69 69 69 69 69 93 93 93 93 86 0 0 0 87 69 69 86 0 
0 0 0 0 0 0 0 0 0 0 0 0 87 69 69 69 69 69 69 69 69 69 69 69 69 69 69 92 88 88 91 69 69 69 93 93 93 86 0 0 0 0 0 0 0 87 69 69 86 0 
0 0 0 0 0 0 0 0 0 0 0 0 87 69 69 69 69 69 69 69 69 70 69 69 69 69 69 69 69 69 69 69 69 69 86 0 0 0 0 0 0 0 0 0 0 87 69 69 86 0 
0 0 0 0 0 0 0 0 0 0 0 0 87 69 69 69 69 69 69 69 69 69 69 69 69 69 69 93 93 69 69 69 69 69 86 0 90 94 94 94 94 94 94 94 94 91 69 69 86 0 
0 0 0 0 0 0 0 0 0 0 0 0 87 69 69 69 69 69 69 69 69 69 69 69 69 69 93 86 87 93 69 69 93 93 86 0 87 84 84 84 84 84 84 84 84 84 69 69 86 0 
0 0 0 0 0 0 0 90 94 94 94 94 91 69 69 69 69 69 69 69 69 69 69 69 69 69 86 0 0 87 93 93 86 0 0 0 87 69 69 69 69 69 69 69 69 69 69 69 86 0 
0 0 0 0 0 0 0 87 84 84 84 84 84 69 69 69 69 69 70 69 69 69 69 69 69 69 86 0 0 0 0 0 90 94 94 94 91 69 69 69 69 69 70 69 69 69 69 69 92 89 
0 0 0 0 0 0 0 87 69 69 69 69 69 69 69 69 69 69 69 69 69 69 69 69 69 69 86 0 0 0 0 0 87 84 84 84 84 69 69 69 69 69 69 69 69 69 69 69 84 86 
0 0 0 0 0 0 0 87 69 69 69 69 70 69 69 69 69 93 93 93 93 93 69 69 69 69 86 0 0 0 0 0 87 69 69 69 69 69 69 69 69 69 69 69 69 69 69 69 69 86 
0 0 0 0 0 0 0 87 69 69 69 69 69 69 69 69 69 86 0 0 0 87 69 69 69 69 92 89 0 0 0 0 87 74 69 69 69 70 69 69 75 69 69 70 69 69 70 69 69 86 
0 0 0 0 0 0 0 87 69 69 69 69 69 93 93 93 93 86 0 0 0 87 69 69 69 69 84 86 0 0 0 0 87 69 69 69 69 69 69 69 69 75 69 69 69 69 69 75 37 86 
0 0 0 0 0 0 0 87 69 69 70 69 69 86 0 0 0 0 0 0 0 87 69 69 69 69 69 86 0 0 0 0 87 93 93 93 93 93 93 93 93 93 93 93 93 93 93 93 93 86 
0 0 0 0 0 0 90 91 69 69 69 69 69 86 0 0 0 0 0 0 0 87 69 70 69 69 69 86 0 0 0 90 94 94 94 94 94 94 89 0 0 0 0 0 0 0 0 0 0 0 
0 0 0 0 0 0 87 84 69 69 69 69 69 92 94 94 89 0 0 0 0 87 69 69 69 69 69 92 94 94 94 91 84 84 84 84 84 84 86 0 0 0 0 0 0 0 0 0 0 0 
0 0 0 0 0 0 87 93 93 69 69 70 69 84 40 84 86 0 0 0 0 87 69 69 70 69 69 84 84 84 84 84 69 69 69 69 69 69 86 0 0 0 0 0 0 0 0 0 0 0 
0 0 0 0 0 0 0 0 87 69 69 69 69 69 69 93 86 0 0 0 0 87 69 69 69 69 69 69 70 69 69 69 69 69 70 69 69 69 86 0 0 0 0 0 0 0 0 0 0 0 
0 0 0 0 0 0 0 0 87 93 69 69 69 69 69 86 0 0 0 0 0 87 93 93 93 93 93 93 93 93 93 93 93 93 93 93 93 93 86 0 0 0 0 0 0 0 0 0 0 0 
0 0 0 0 0 0 0 0 0 87 69 69 69 69 69 86 0 0 0 0 0 0 0 0 0 0 0 0 0 0 0 0 0 0 0 0 0 0 0 0 0 0 0 0 0 0 0 0 0 0 
0 0 0 0 0 0 0 0 0 87 93 93 93 93 93 86 0 0 0 0 0 0 0 0 0 0 0 0 0 0 0 0 0 0 0 0 0 0 0 0 0 0 0 0 0 0 0 0 0 0 
0 0 0 0 0 0 0 0 0 0 0 0 0 0 0 0 0 0 0 0 0 0 0 0 0 0 0 0 0 0 0 0 0 0 0 0 0 0 0 0 0 0 0 0 0 0 0 0 0 0 
0 0 0 0 0 0 0 0 0 0 0 0 0 0 0 0 0 0 0 0 0 0 0 0 0 0 0 0 0 0 0 0 0 0 0 0 0 0 0 0 0 0 0 0 0 0 0 0 0 0 
