2 16 16 17 2 16 16 17 2 16 17 17 2 2 16 17 17 16 2 2 16 2 2 2 17 16 17 16 2 2 1 23 18 19 24 32 32 32 32 32 32 32 32 32 32 32 32 32 32 32 32 32 32 32 32 32 49 47 47 47 47 47 47 47 47 47 47 47 47
2 17 2 17 17 2 16 2 16 17 2 2 17 17 2 17 16 16 16 17 2 16 2 17 16 17 17 2 17 16 1 23 18 19 24 32 32 32 32 32 32 32 32 32 32 32 32 32 32 32 32 32 32 32 32 32 49 47 47 47 47 47 47 47 47 47 47 47 47
16 16 16 2 17 17 2 17 16 2 16 17 16 17 16 16 17 17 17 17 2 16 16 16 17 16 2 17 16 16 1 23 18 19 24 32 32 32 32 32 32 32 32 32 32 32 32 32 32 32 32 32 32 32 32 32 49 47 47 47 47 47 47 47 47 47 47 47 47
2 2 17 16 16 17 17 17 16 16 17 16 16 2 16 17 17 16 16 17 17 17 16 17 16 2 2 16 2 16 1 23 18 19 24 32 32 32 32 32 32 32 32 32 32 32 32 32 32 32 32 32 32 32 32 32 49 47 47 47 47 47 47 47 47 47 47 47 47
17 17 2 16 2 16 16 16 16 2 2 2 2 2 2 17 16 17 16 16 17 16 2 2 2 17 2 17 17 2 1 23 18 19 24 32 32 32 32 32 32 32 32 32 32 32 32 32 32 32 32 32 32 32 32 32 49 47 47 47 47 47 47 47 47 47 47 47 47
17 17 17 17 16 2 16 2 2 16 16 16 16 2 16 17 2 17 16 2 17 16 2 16 17 17 16 17 2 2 1 23 18 19 24 32 32 32 32 32 32 32 32 32 32 32 32 32 32 32 32 32 32 32 32 32 49 47 47 47 47 47 47 47 47 47 47 47 47
16 16 17 16 16 16 16 16 16 2 17 2 16 16 17 16 16 2 2 16 2 2 17 17 16 17 2 16 16 2 1 23 18 19 24 32 32 32 32 32 32 32 32 32 32 32 32 32 32 32 32 32 32 32 32 32 49 47 47 47 47 47 47 47 47 47 47 47 47
16 17 16 2 17 16 2 16 2 17 16 17 2 16 2 2 17 16 16 16 2 2 17 17 2 2 16 16 17 17 1 23 18 19 24 32 32 32 32 32 32 32 32 32 32 32 32 32 32 32 32 32 32 32 32 32 49 47 47 47 47 47 47 47 47 47 47 47 47
16 16 2 17 16 17 16 16 17 16 16 17 16 17 17 16 2 2 2 17 17 16 17 2 17 17 17 16 16 2 1 23 18 19 24 32 32 32 32 32 32 32 32 32 32 32 32 32 32 32 32 32 32 32 32 32 49 47 47 47 47 47 47 47 47 47 47 47 47
16 17 16 2 2 2 16 17 17 2 2 17 17 16 16 2 16 2 2 2 2 2 2 17 17 2 17 2 2 2 1 23 18 19 24 32 32 32 32 32 32 32 32 32 32 32 32 32 32 32 32 32 32 32 32 32 49 47 47 47 47 47 47 47 47 47 47 47 47
17 2 2 17 2 17 16 16 2 2 2 1 2 2 17 1 1 1 16 1 17 17 1 1 16 1 1 1 1 1 1 23 19 28 27 1 1 1 1 1 1 1 1 1 1 1 1 1 1 1 1 1 1 1 1 2 49 58 47 58 58 47 47 47 47 47 47 47 47 47
2 16 16 2 2 16 17 17 2 2 20 21 21 21 21 21 21 21 21 21 21 21 21 21 21 21 21 21 21 21 21 31 28 27 1 1 1 1 17 1 1 1 1 1 1 1 1 1 1 1 1 1 1 1 2 2 49 58 47 58 58 47 47 47 47 47 47 47 47 47
2 17 16 2 17 17 16 2 17 2 23 19 28 26 26 26 26 29 18 19 19 18 19 19 19 18 18 18 18 18 19 28 27 1 1 17 1 1 1 1 1 1 1 1 1 1 1 1 1 1 1 1 1 1 2 49 49 47 47 58 58 47 47 47 47 47 47 47 47 47
21 21 21 21 21 21 21 21 21 21 31 28 27 2 2 2 2 25 29 19 19 19 19 19 19 19 19 19 19 19 28 27 1 17 1 1 1 17 1 1 1 1 1 1 1 1 1 1 2 1 1 1 1 1 2 49 58 47 47 58 58 58 47 47 47 47 47 47 47 47 47
18 18 18 18 18 18 18 18 18 19 19 24 2 2 2 2 2 2 23 19 19 19 19 19 19 19 18 28 26 26 27 1 1 1 1 17 1 1 1 1 1 1 1 10 1 1 1 2 2 1 1 10 1 1 2 49 49 58 47 58 58 47 47 47 47 47 47 47 47 47
18 18 18 18 18 18 18 18 18 19 19 24 2 32 32 32 2 2 23 18 19 19 19 19 19 18 28 27 1 1 1 1 17 1 1 1 1 1 1 1 1 1 11 35 9 1 2 2 2 1 11 35 9 1 2 2 49 47 47 58 58 47 47 47 47 47 47 47 47 47
18 18 18 18 18 18 18 18 18 19 28 27 2 2 37 32 2 2 23 18 18 18 18 18 18 28 27 10 10 10 10 10 10 10 10 10 10 10 10 1 1 1 11 35 9 1 2 2 2 2 11 35 9 1 2 49 49 47 58 58 47 47 47 47 47 47 47 47 47
18 18 18 18 18 18 18 18 18 28 27 32 32 32 32 32 2 2 3 3 3 3 3 3 3 3 34 34 34 34 34 34 34 34 34 34 34 34 34 6 10 10 7 35 6 10 10 10 10 10 7 35 9 2 2 49 58 47 58 58 47 47 47 47 47 47 47 47 47
18 18 18 18 18 18 18 18 18 24 32 32 32 32 2 2 2 20 31 18 18 18 18 28 27 1 8 8 8 8 8 8 17 17 17 17 17 17 34 34 34 34 34 34 34 34 34 34 34 34 34 35 9 2 49 49 58 47 47 47 47 47 47 47 47 47 47 47
18 18 18 18 18 18 18 18 18 24 32 32 2 2 2 20 21 31 18 18 18 18 28 27 1 1 1 1 1 1 1 17 34 34 34 34 34 34 34 5 8 8 8 8 8 8 8 8 8 8 4 35 9 2 2 49 58 47 47 47 47 47 47 47 47 47 47 47
18 18 18 18 18 18 18 18 18 24 32 32 2 2 2 23 18 18 18 18 18 18 24 1 1 1 1 1 1 1 1 17 35 5 8 8 8 4 35 9 16 16 16 16 16 16 16 16 16 16 11 35 9 1 2 49 49 47 47 47 47 47 47 47 47 47 47 47
18 18 18 18 18 18 18 18 18 24 2 2 2 20 21 31 18 18 18 18 28 26 27 1 1 1 1 1 1 1 1 17 35 9 20 21 22 11 35 6 10 10 10 10 10 10 10 10 10 10 7 35 6 10 2 2 49 58 47 47 47 47 47 47 47 47 47 47
18 18 18 18 18 18 18 18 18 30 21 21 21 31 18 18 18 18 18 28 27 1 1 1 1 1 1 1 1 1 1 17 35 9 25 26 27 11 35 34 34 34 34 34 34 34 34 34 34 34 34 34 34 34 9 2 49 58 47 47 47 47 47 47 47 47 47 47
18 18 18 18 18 18 18 18 18 18 18 18 18 18 18 18 18 28 26 27 1 1 2 2 2 2 2 2 1 1 1 17 35 6 10 10 10 7 35 5 8 8 8 8 8 8 8 8 8 8 8 8 8 8 1 2 49 58 47 47 47 47 47 47 47 47 47 47
18 18 18 18 18 18 18 18 18 18 18 28 26 29 18 18 28 27 1 1 2 2 2 2 2 2 2 2 2 1 1 17 34 34 34 34 34 34 35 9 1 1 1 1 1 1 1 1 1 1 1 1 1 1 1 2 49 58 47 47 47 47 47 47 47 47 47 47
18 18 18 18 18 18 18 18 18 18 18 24 2 23 18 28 27 1 1 1 2 2 2 2 2 2 2 2 2 1 1 10 17 17 17 17 17 4 35 9 1 1 1 1 1 1 1 1 1 1 1 1 1 1 1 2 49 58 47 47 47 47 47 47 47 47 47 47
18 18 18 18 18 18 18 18 18 18 18 30 21 31 18 24 1 1 1 2 2 2 2 2 2 2 2 2 2 2 11 3 3 6 10 10 10 11 35 6 10 10 10 10 10 10 10 10 10 10 10 10 10 10 1 2 49 47 47 47 47 47 47 47 47 47 47 47
18 18 18 18 18 18 18 18 18 18 18 18 18 18 28 27 1 1 1 2 2 2 2 2 2 2 2 2 2 2 1 4 3 3 3 3 3 11 35 34 34 34 34 34 34 34 34 34 34 34 34 34 34 34 9 49 49 47 47 47 47 47 47 47 47 47 47 47
18 18 18 18 18 18 18 18 18 18 18 18 18 28 27 1 1 1 1 2 2 2 2 2 2 2 2 2 2 2 2 1 4 3 3 3 3 11 35 5 8 8 8 8 8 8 8 8 8 8 8 8 8 8 1 49 58 47 49 47 47 47 47 47 47 47 47 47
18 18 18 18 18 18 18 18 18 18 18 18 18 24 1 1 1 1 1 2 2 2 2 2 2 2 2 2 2 2 2 1 11 3 3 3 3 11 35 9 1 1 1 1 1 1 1 1 1 1 1 1 1 1 49 49 47 49 49 47 47 47 47 47 47 47 47 47
18 18 18 18 18 18 18 18 18 18 18 18 28 27 1 1 1 1 1 1 10 10 10 10 10 10 10 10 10 10 10 10 10 17 17 17 17 7 35 9 1 1 1 1 1 1 1 1 1 1 1 1 1 49 49 49 49 49 49 47 47 47 47 47 47 47 47 47
18 18 18 18 18 18 18 18 18 18 18 18 24 1 1 1 1 1 1 11 34 34 34 34 34 34 34 34 34 34 34 34 34 34 34 34 34 34 35 9 1 1 1 1 1 1 1 1 1 1 1 49 49 49 49 49 49 49 49 47 47 47 47 47 47 47 47 47
18 18 18 18 18 18 18 18 18 18 18 28 27 1 1 1 1 1 1 1 8 8 8 8 8 8 8 8 8 8 8 8 8 8 8 8 8 4 35 9 1 1 1 1 1 1 1 1 1 49 49 49 49 49 49 49 49 49 49 47 47 47 47 47 47 47 47 47
18 18 18 18 18 18 18 18 18 18 18 24 1 1 1 1 1 1 1 1 2 2 2 2 2 2 2 2 2 2 2 2 2 2 2 2 1 7 35 9 1 1 1 1 1 1 1 1 49 49 49 49 49 49 49 49 49 49 49 47 47 47 47 47 47 47 47 47
18 18 18 18 18 18 18 18 18 18 28 27 1 1 2 16 17 17 17 1 2 2 2 2 2 2 2 2 2 2 2 17 17 2 2 2 11 35 35 9 2 1 1 1 1 1 1 49 49 50 54 54 53 49 49 49 49 50 53 47 47 47 47 47 47 47 47 47
18 18 18 18 18 18 18 18 18 18 24 1 1 1 16 16 16 1 17 17 2 2 2 2 2 2 2 2 2 2 17 17 16 16 16 2 1 8 8 1 16 1 1 1 1 1 49 49 49 55 48 48 48 49 49 49 50 48 48 47 47 47 47 47 47 47 47 47
18 18 18 18 18 18 18 18 18 28 27 1 16 16 16 1 1 1 1 17 17 2 2 2 2 2 16 16 16 17 17 1 17 16 16 16 17 2 17 16 1 1 1 1 1 49 49 49 49 55 48 48 48 53 49 49 55 48 48 47 47 47 47 47 47 47 47 47
18 18 18 18 18 18 18 18 28 27 16 16 17 16 16 17 16 16 16 16 17 16 16 17 16 17 16 16 16 17 16 16 16 16 17 16 17 60 17 16 17 16 17 17 49 49 49 49 49 51 56 56 48 48 53 50 48 48 48 47 47 47 47 47 47 47 47 47
18 18 18 18 18 18 18 18 24 16 16 16 17 16 2 2 2 16 17 2 2 16 17 16 17 17 16 16 17 17 17 16 16 17 17 17 17 17 17 16 16 16 16 49 47 47 47 49 49 49 49 49 55 48 48 48 48 48 48 47 47 47 47 47 47 47 47 47
18 18 18 18 18 18 18 18 24 2 16 17 16 2 2 2 16 17 2 2 16 16 17 17 16 16 16 16 16 16 16 16 17 16 16 16 17 17 17 16 16 16 49 47 47 47 47 50 54 54 54 54 48 48 48 48 48 48 48 47 47 47 47 47 47 47 47 47
18 18 18 18 18 18 18 18 24 2 2 16 16 16 16 16 17 2 2 17 17 16 16 16 16 2 2 2 2 2 2 2 17 16 16 16 16 17 16 16 16 17 49 47 47 47 50 48 48 48 48 48 48 48 48 48 48 48 48 47 47 47 47 47 47 47 47 47
18 18 18 18 18 18 18 18 24 17 17 17 17 17 17 17 17 16 16 17 17 17 17 16 16 16 16 17 17 16 16 2 2 16 16 2 2 2 16 17 16 16 49 47 47 47 51 56 48 48 48 48 48 48 48 48 48 48 48 47 47 47 47 47 47 47 47 47
18 18 18 18 18 18 18 18 24 17 16 17 17 17 16 16 16 16 17 17 17 17 17 17 2 2 2 2 2 2 2 2 2 2 2 2 2 16 17 17 16 16 49 47 47 47 47 47 55 48 48 48 48 48 48 48 48 48 48 47 47 47 47 47 47 47 47 47
18 18 18 18 18 18 18 18 24 16 16 20 21 21 21 21 21 21 21 21 22 17 17 16 2 2 2 2 2 2 16 16 17 2 2 2 2 17 17 16 16 49 49 47 47 58 47 50 48 48 48 48 48 48 48 48 48 48 52 47 47 47 47 47 47 47 47 47
18 18 18 18 18 18 18 18 24 16 16 23 18 18 18 18 18 18 18 18 27 2 2 2 2 2 2 2 2 2 2 2 2 2 2 2 2 17 16 16 49 49 47 47 47 58 47 51 48 48 48 48 48 48 48 48 48 52 49 47 47 47 47 47 47 47 47 47
18 18 18 18 18 18 18 18 24 17 16 25 18 18 18 18 18 18 18 26 2 2 2 2 2 2 17 17 16 2 2 2 2 2 2 2 17 17 16 16 49 47 47 47 47 58 47 47 51 48 48 48 48 48 48 48 52 49 49 47 47 47 47 47 47 47 47 47
18 18 18 18 18 18 18 18 24 17 17 17 26 18 18 18 18 18 26 17 2 2 2 2 2 17 17 16 2 2 2 16 2 2 2 16 17 16 16 49 49 47 47 47 47 47 47 47 47 48 48 48 48 48 48 57 49 49 49 47 47 47 47 47 47 47 47 47
18 18 18 18 18 18 18 18 24 17 17 16 17 26 26 26 26 26 17 17 16 17 16 16 16 17 17 17 17 16 16 16 2 2 2 17 16 16 16 49 47 58 47 47 47 47 47 47 47 51 56 48 48 48 48 57 49 49 49 47 47 47 47 47 47 47 47 47
18 18 18 18 18 18 18 18 24 17 17 17 17 17 17 17 17 17 17 16 17 17 16 17 16 16 16 16 16 17 17 17 17 16 16 17 16 16 16 49 58 47 47 47 47 58 47 47 47 47 47 51 56 56 56 52 49 49 49 47 47 47 47 47 47 47 47 47
0 0 0 0 0 0 0 0 0 0 0 0 0 0 0 0 0 0 0 0 0 0 0 0 0 0 0 0 0 0 0 0 0 0 0 0 0 0 0 0 0 0 0 0 0 0 0 0 0 0 0 0 0 0 0 0 0 0 0 0 0 0 0 0 0 0 0 0
0 0 0 0 0 0 0 0 0 0 0 0 0 0 0 0 0 0 0 0 0 0 0 0 0 0 0 0 0 0 0 0 0 0 0 0 0 0 0 0 0 0 0 0 0 0 0 0 0 0 0 0 0 0 0 0 0 0 0 0 0 0 0 0 0 0 0 0
0 0 0 0 0 0 0 0 0 0 0 0 0 0 0 0 0 0 0 0 0 0 0 0 0 0 0 0 0 0 0 0 0 0 0 0 0 0 0 0 0 0 0 0 0 0 0 0 0 0 0 0 0 0 0 0 0 0 0 0 0 0 0 0 0 0 0 0
0 0 0 0 0 0 0 0 0 0 0 0 0 0 0 0 0 0 0 0 0 0 0 0 0 0 0 0 0 0 0 0 0 0 0 0 0 0 0 0 0 0 0 0 0 0 0 0 0 0 0 0 0 0 0 0 0 0 0 0 0 0 0 0 0 0 0 0
0 0 0 0 0 0 0 0 0 0 0 0 0 0 0 0 0 0 0 0 0 0 0 0 0 0 0 0 0 0 0 0 0 0 0 0 0 0 0 0 0 0 0 0 0 0 0 0 0 0 0 0 0 0 0 0 0 0 0 0 0 0 0 0 0 0 0 0
0 0 0 0 0 0 0 0 0 0 0 0 0 0 0 0 0 0 0 0 0 0 0 0 0 0 0 0 0 0 0 0 0 0 0 0 0 0 0 0 0 0 0 0 0 0 0 0 0 0 0 0 0 0 0 0 0 0 0 0 0 0 0 0 0 0 0 0
0 0 0 0 0 0 0 0 0 0 0 0 0 0 0 0 0 0 0 0 0 0 0 0 0 0 0 0 0 0 0 0 0 0 0 0 0 0 0 0 0 0 0 0 0 0 0 0 0 0 0 0 0 0 0 0 0 0 0 0 0 0 0 0 0 0 0 0
0 0 0 0 0 0 0 0 0 0 0 0 0 0 0 0 0 0 0 0 0 0 0 0 0 0 0 0 0 0 0 0 0 0 0 0 0 0 0 0 0 0 0 0 0 0 0 0 0 0 0 0 0 0 0 0 0 0 0 0 0 0 0 0 0 0 0 0
0 0 0 0 0 0 0 0 0 0 0 0 0 0 0 0 0 0 0 0 0 0 0 0 0 0 0 0 0 0 0 0 0 0 0 0 0 0 0 0 0 0 0 0 0 0 0 0 0 0 0 0 0 0 0 0 0 0 0 0 0 0 0 0 0 0 0 0
0 0 0 0 0 0 0 0 0 0 0 0 0 0 0 0 0 0 0 0 0 0 0 0 0 0 0 0 0 0 0 0 0 0 0 0 0 0 0 0 0 0 0 0 0 0 0 0 0 0 0 0 0 0 0 0 0 0 0 0 0 0 0 0 0 0 0 0