0 0 0 0 0 0 0 0 0 0 0 0 0 0 0 0 0 0 0 0 0 0 0 0 0 0 0 0 0 0 0 0 0 0 0 0 0 0 0 0 0 0 0 0 0 0 0 0 0 0 0 0 0 0 0 0 0 0 0 0 0 0 0 0 0 0 0 0 0 0 0 0 0 0 0 0 0 0 0 0 0 0 0 0 0 0 0 0 0 0 0 0 0 0 0 0 0 0 0 0 
0 0 0 0 0 0 0 0 0 0 0 0 0 0 0 0 0 0 0 0 0 0 0 0 0 0 0 0 0 0 0 0 0 0 0 0 0 0 0 0 0 0 0 0 0 0 0 0 0 0 0 0 0 0 0 0 0 0 0 0 0 0 0 0 0 0 0 0 0 0 0 0 0 0 0 0 0 0 0 0 0 0 0 0 0 0 0 0 0 0 0 0 0 0 0 0 0 0 0 0 
0 0 0 0 0 0 0 0 0 0 0 0 0 0 0 0 0 0 0 0 0 0 0 0 0 0 0 0 0 0 0 0 0 0 0 0 0 0 0 0 0 0 0 0 0 0 0 0 0 0 0 0 0 0 0 0 0 0 0 0 0 0 0 0 0 0 0 0 0 0 0 0 0 0 0 0 0 0 0 0 0 0 0 0 0 0 0 0 0 0 0 0 0 0 0 0 0 0 0 0 
0 0 0 0 0 0 0 0 0 0 0 0 0 0 0 0 0 0 0 0 0 0 0 0 0 0 0 0 0 0 0 0 0 0 0 0 0 0 0 0 0 0 0 0 0 0 0 0 0 0 0 0 0 0 0 0 0 0 0 0 0 0 0 0 0 0 0 0 0 0 0 0 0 0 0 0 0 0 0 0 0 0 0 0 0 0 0 0 0 0 0 0 0 0 0 0 0 0 0 0 
0 0 0 0 0 0 0 0 0 0 0 0 0 0 0 0 0 0 0 0 0 0 0 0 0 0 0 0 0 0 0 0 0 0 0 0 0 0 0 0 0 0 0 0 0 0 0 0 0 0 0 0 0 0 0 0 0 0 0 0 0 0 0 0 0 0 0 0 0 0 0 0 0 0 0 0 0 0 0 0 0 0 0 0 0 0 0 0 0 0 0 0 0 0 0 0 0 0 0 0 
0 0 0 0 0 0 0 0 0 0 0 0 0 0 0 0 0 0 0 0 0 0 0 0 0 0 0 0 0 0 0 0 0 0 0 0 0 0 0 0 0 0 0 0 0 0 0 0 0 0 0 0 0 0 0 0 0 0 0 0 0 0 0 0 0 0 0 0 0 0 0 0 0 0 0 0 0 0 0 0 0 0 0 0 0 0 0 0 0 0 0 0 0 0 0 0 0 0 0 0 
0 0 0 0 0 0 0 0 0 0 0 0 0 0 0 0 0 0 0 0 0 0 0 0 0 0 0 0 0 0 0 0 0 0 0 0 0 0 0 0 0 0 0 0 0 0 0 0 0 0 0 0 0 0 0 0 0 0 0 0 0 0 0 0 0 0 0 0 0 0 0 0 0 0 0 0 0 0 0 0 0 0 0 0 0 0 0 0 0 0 0 0 0 0 0 0 0 0 0 0 
0 0 0 0 0 0 0 0 0 0 0 0 0 0 0 0 0 0 0 0 0 0 0 0 0 0 0 0 0 0 0 0 0 0 0 0 0 0 0 0 0 0 0 0 0 0 0 0 0 0 0 0 0 0 0 0 0 0 0 0 0 0 0 0 0 0 0 0 0 0 0 0 0 0 0 0 0 0 0 0 0 0 0 0 0 0 0 0 0 0 0 0 0 0 0 0 0 0 0 0 
0 0 0 0 0 0 0 0 0 0 0 0 0 0 0 0 0 0 0 0 0 0 0 0 0 0 0 0 0 0 0 0 0 0 0 0 0 0 0 0 0 0 0 0 0 0 0 0 0 0 0 0 0 0 0 0 0 0 0 0 0 0 0 0 0 0 0 0 0 0 0 0 0 0 0 0 0 0 0 0 0 0 0 0 0 0 0 0 0 0 0 0 0 0 0 0 0 0 0 0 
0 0 0 0 0 0 0 0 0 0 0 0 0 0 0 0 95 95 95 95 95 95 95 95 95 95 95 95 95 95 95 95 95 95 95 95 95 95 95 95 95 95 95 95 95 95 95 95 95 95 95 95 95 95 95 95 95 95 95 95 95 95 95 95 95 95 95 95 95 95 95 95 95 95 95 95 95 95 95 95 95 95 95 95 0 0 0 0 0 0 0 0 0 0 0 0 0 0 0 0 
0 0 0 0 0 0 0 0 0 0 0 0 0 0 0 0 95 104 104 104 104 104 104 104 104 104 104 104 104 104 104 104 104 104 104 104 104 104 104 104 104 104 104 104 104 104 104 104 104 104 104 104 104 104 104 104 104 104 104 104 104 104 104 104 104 104 104 104 104 104 104 104 104 104 104 104 104 104 104 104 104 104 104 95 0 0 0 0 0 0 0 0 0 0 0 0 0 0 0 0 
0 0 0 0 0 0 0 0 0 0 0 0 0 0 0 0 95 104 104 104 104 104 104 104 104 104 104 104 104 104 104 104 104 104 104 104 104 104 104 104 104 104 104 104 104 104 104 104 104 104 104 104 104 104 104 104 104 104 104 104 104 104 104 104 104 104 104 104 104 104 104 104 104 104 104 104 104 104 104 104 104 104 104 95 0 0 0 0 0 0 0 0 0 0 0 0 0 0 0 0 
0 0 0 0 0 0 0 0 0 0 0 0 0 0 0 0 95 104 104 104 104 104 104 104 104 104 104 104 104 104 104 104 104 104 104 105 104 104 104 104 104 104 104 104 104 104 104 104 104 104 104 104 104 104 104 104 104 104 104 104 104 104 104 104 104 104 104 104 104 104 104 104 104 104 104 104 104 104 104 104 104 104 104 95 0 0 0 0 0 0 0 0 0 0 0 0 0 0 0 0 
0 0 0 0 0 0 0 0 0 0 0 0 0 0 0 0 95 104 104 104 104 104 104 104 104 104 104 104 104 104 104 104 104 104 101 115 96 96 100 104 104 104 104 104 104 104 101 100 104 104 104 104 104 104 104 104 104 101 96 96 96 96 100 104 104 104 104 104 104 104 104 104 104 101 96 100 104 104 104 104 104 104 104 95 0 0 0 0 0 0 0 0 0 0 0 0 0 0 0 0 
0 0 0 0 0 0 0 0 0 0 0 0 0 0 0 0 95 104 104 104 104 104 104 104 104 104 104 104 104 104 104 104 104 101 111 95 95 95 110 100 104 104 101 96 96 96 111 110 96 96 96 96 96 96 119 128 128 126 98 98 112 95 110 96 96 96 96 96 96 96 96 96 96 111 95 110 100 104 104 104 104 104 104 95 0 0 0 0 0 0 0 0 0 0 0 0 0 0 0 0 
0 0 0 0 0 0 0 0 0 0 0 0 0 0 0 0 95 104 104 104 104 104 104 104 104 104 104 104 104 104 104 101 96 111 95 95 95 95 95 110 96 96 111 95 95 95 95 95 95 95 95 95 109 98 103 104 104 104 104 104 102 98 112 95 95 95 95 95 95 95 95 95 95 95 95 95 110 119 108 104 104 104 104 95 0 0 0 0 0 0 0 0 0 0 0 0 0 0 0 0 
0 0 0 0 0 0 0 0 0 0 0 0 0 0 0 0 95 104 104 104 104 104 104 104 104 104 104 104 104 101 96 111 95 95 95 95 95 95 95 95 95 95 95 95 95 95 95 95 95 95 95 95 99 104 104 104 104 104 104 104 104 104 102 112 95 95 95 95 95 95 95 95 95 95 95 95 109 103 104 104 104 104 104 95 0 0 0 0 0 0 0 0 0 0 0 0 0 0 0 0 
0 0 0 0 0 0 0 0 0 0 0 0 0 0 0 0 95 104 104 104 104 104 104 104 104 104 104 104 106 126 112 95 95 95 95 95 95 95 95 95 95 95 95 95 95 95 95 95 95 95 95 109 103 104 104 104 104 104 104 104 104 104 104 97 95 95 95 95 95 95 95 95 95 95 95 95 99 104 104 104 104 104 104 95 0 0 0 0 0 0 0 0 0 0 0 0 0 0 0 0 
0 0 0 0 0 0 0 0 0 0 0 0 0 0 0 0 95 104 104 104 104 104 104 104 104 104 104 104 104 104 102 112 95 95 95 95 95 95 95 95 95 95 95 95 95 95 95 95 95 95 95 99 104 104 104 104 104 104 104 104 104 104 104 97 95 95 95 95 95 95 95 95 95 95 95 95 99 104 104 104 104 104 104 95 0 0 0 0 0 0 0 0 0 0 0 0 0 0 0 0 
0 0 0 0 0 0 0 0 0 0 0 0 0 0 0 0 95 104 104 104 104 104 104 104 104 104 104 104 104 104 104 97 95 95 95 95 95 95 95 95 95 95 95 95 95 95 95 95 95 95 109 103 104 104 104 104 104 104 104 104 104 104 104 102 112 95 95 95 95 95 95 95 95 95 95 95 99 104 104 104 104 104 104 95 0 0 0 0 0 0 0 0 0 0 0 0 0 0 0 0 
0 0 0 0 0 0 0 0 0 0 0 0 0 0 0 0 95 104 104 104 104 104 104 104 104 104 104 104 104 104 104 102 112 95 95 95 95 95 95 95 95 95 95 95 109 98 98 98 112 95 99 104 104 104 104 104 104 104 104 104 104 104 104 104 102 95 95 95 95 95 95 95 95 109 98 98 103 104 104 104 104 104 104 95 0 0 0 0 0 0 0 0 0 0 0 0 0 0 0 0 
0 0 0 0 0 0 0 0 0 0 0 0 0 0 0 0 95 104 104 104 104 104 104 104 104 104 104 104 104 104 104 104 102 98 112 95 95 95 109 98 98 98 98 98 103 104 104 104 102 112 110 96 100 104 104 104 104 104 104 104 104 104 104 104 104 102 98 112 95 95 95 95 109 103 104 104 104 104 104 104 104 104 104 95 0 0 0 0 0 0 0 0 0 0 0 0 0 0 0 0 
0 0 0 0 0 0 0 0 0 0 0 0 0 0 0 0 95 104 104 104 104 104 104 104 104 104 104 104 104 104 104 104 104 104 102 112 95 109 103 104 104 104 104 104 104 104 104 104 104 97 95 95 110 96 100 104 104 104 104 104 104 104 104 104 104 104 104 102 112 95 95 109 103 104 104 104 104 104 104 104 104 104 104 95 0 0 0 0 0 0 0 0 0 0 0 0 0 0 0 0 
0 0 0 0 0 0 0 0 0 0 0 0 0 0 0 0 95 104 104 104 104 104 104 104 104 104 104 104 104 104 104 104 104 104 104 102 98 103 104 104 104 104 104 104 104 104 104 104 104 97 95 95 95 95 110 96 119 108 104 104 104 104 104 104 104 104 104 104 102 112 95 99 104 104 104 104 104 104 104 104 104 104 104 95 0 0 0 0 0 0 0 0 0 0 0 0 0 0 0 0 
0 0 0 0 0 0 0 0 0 0 0 0 0 0 0 0 95 104 104 104 104 104 104 104 104 104 104 104 104 104 104 104 104 104 104 104 104 104 104 104 104 104 104 104 104 104 104 104 104 97 95 95 95 95 95 95 99 104 104 104 104 104 104 104 104 104 104 104 104 97 95 99 104 104 104 104 104 104 104 104 104 104 104 95 0 0 0 0 0 0 0 0 0 0 0 0 0 0 0 0 
0 0 0 0 0 0 0 0 0 0 0 0 0 0 0 0 95 104 104 104 104 104 104 104 104 104 104 104 104 104 104 104 104 104 104 104 104 104 104 104 104 104 104 104 104 104 101 96 96 111 95 95 95 95 95 95 99 104 104 104 104 104 104 104 104 104 104 104 104 97 95 110 100 104 104 104 104 104 104 104 104 104 104 95 0 0 0 0 0 0 0 0 0 0 0 0 0 0 0 0 
0 0 0 0 0 0 0 0 0 0 0 0 0 0 0 0 95 104 104 104 104 104 104 104 104 104 104 104 104 104 104 104 104 104 104 104 101 100 104 104 104 104 104 104 101 96 111 95 95 95 95 95 95 95 95 95 99 104 104 104 104 104 104 104 104 104 104 104 104 97 95 95 110 96 119 108 104 104 104 104 104 104 104 95 0 0 0 0 0 0 0 0 0 0 0 0 0 0 0 0 
0 0 0 0 0 0 0 0 0 0 0 0 0 0 0 0 95 104 104 104 104 104 104 104 104 104 104 104 104 104 104 104 104 104 104 101 111 110 100 104 104 104 101 96 111 95 95 95 95 95 95 95 95 95 95 95 99 104 104 104 104 104 104 104 104 104 104 104 104 97 95 95 95 109 103 104 104 104 104 104 104 104 104 95 0 0 0 0 0 0 0 0 0 0 0 0 0 0 0 0 
0 0 0 0 0 0 0 0 0 0 0 0 0 0 0 0 95 104 104 104 104 104 104 104 104 104 104 104 104 104 104 104 104 101 96 111 95 95 110 96 96 96 111 95 109 98 98 98 98 98 98 98 98 112 95 95 99 104 104 104 104 104 104 104 104 104 104 104 101 111 95 95 95 99 104 104 104 104 104 104 104 104 104 95 0 0 0 0 0 0 0 0 0 0 0 0 0 0 0 0 
0 0 0 0 0 0 0 0 0 0 0 0 0 0 0 0 95 104 104 104 104 104 104 104 104 104 104 104 104 104 101 96 96 111 95 95 95 95 95 95 95 95 109 98 103 104 104 104 131 104 104 104 104 102 112 95 99 104 104 104 104 104 104 104 104 104 104 104 97 109 98 98 98 103 104 104 104 104 104 104 104 104 104 95 0 0 0 0 0 0 0 0 0 0 0 0 0 0 0 0 
0 0 0 0 0 0 0 0 0 0 0 0 0 0 0 0 95 104 104 104 104 104 104 104 104 104 104 104 104 106 126 112 95 95 95 95 95 95 95 95 95 95 99 104 104 104 95 110 96 111 95 95 104 104 97 95 99 104 104 104 104 104 104 104 104 104 101 96 111 99 104 104 104 104 104 104 104 104 104 104 104 104 104 95 0 0 0 0 0 0 0 0 0 0 0 0 0 0 0 0 
0 0 0 0 0 0 0 0 0 0 0 0 0 0 0 0 95 104 104 104 104 104 104 104 104 104 104 104 104 104 104 102 112 95 95 95 95 95 95 95 95 109 103 104 95 95 95 95 95 95 95 95 95 104 97 95 110 100 104 104 104 104 104 104 101 96 111 95 95 99 104 104 104 104 104 104 104 104 104 104 104 104 104 95 0 0 0 0 0 0 0 0 0 0 0 0 0 0 0 0 
0 0 0 0 0 0 0 0 0 0 0 0 0 0 0 0 95 104 104 104 104 104 104 104 104 104 104 104 104 104 104 104 102 98 98 98 112 95 95 95 109 103 104 104 95 95 95 95 95 95 95 95 104 104 97 95 95 110 100 104 104 104 104 101 111 95 95 95 95 99 104 104 104 104 104 104 104 104 104 104 104 104 104 95 0 0 0 0 0 0 0 0 0 0 0 0 0 0 0 0 
0 0 0 0 0 0 0 0 0 0 0 0 0 0 0 0 95 104 104 104 104 104 104 104 104 104 104 104 104 104 104 104 104 104 104 104 97 95 95 109 103 104 104 104 104 95 95 104 104 104 104 104 104 101 111 95 95 95 110 100 104 104 104 97 95 95 95 95 95 110 100 104 104 104 104 104 104 104 104 104 104 104 104 95 0 0 0 0 0 0 0 0 0 0 0 0 0 0 0 0 
0 0 0 0 0 0 0 0 0 0 0 0 0 0 0 0 95 104 104 104 104 104 104 104 104 104 104 104 104 104 104 104 104 104 104 104 102 98 113 103 104 104 104 104 104 104 104 104 101 96 96 96 96 111 95 95 95 95 95 110 96 96 96 111 95 95 95 95 95 109 103 104 104 104 104 104 104 104 104 104 104 104 104 95 0 0 0 0 0 0 0 0 0 0 0 0 0 0 0 0 
0 0 0 0 0 0 0 0 0 0 0 0 0 0 0 0 95 104 104 104 104 104 104 104 104 104 104 104 104 104 104 104 104 104 104 104 104 104 107 104 104 104 104 104 104 104 101 96 111 95 95 95 95 95 95 95 95 95 95 95 95 95 95 95 95 95 95 95 109 103 104 104 104 104 104 104 104 104 104 104 104 104 104 95 0 0 0 0 0 0 0 0 0 0 0 0 0 0 0 0 
0 0 0 0 0 0 0 0 0 0 0 0 0 0 0 0 95 104 104 104 104 104 104 104 104 104 104 104 104 104 104 104 104 104 104 104 104 104 104 104 104 104 104 104 101 96 111 95 95 95 95 95 95 95 95 95 95 95 95 95 95 95 95 95 95 95 95 109 103 104 104 104 104 104 104 104 104 104 104 104 104 104 104 95 0 0 0 0 0 0 0 0 0 0 0 0 0 0 0 0 
0 0 0 0 0 0 0 0 0 0 0 0 0 0 0 0 95 104 104 104 104 104 104 104 104 104 104 104 104 104 104 104 104 104 104 104 104 104 104 104 104 104 104 101 95 95 95 95 95 95 95 95 95 95 95 95 95 95 95 95 95 95 95 95 95 95 109 103 104 104 104 104 101 96 100 104 104 104 104 104 104 104 104 95 0 0 0 0 0 0 0 0 0 0 0 0 0 0 0 0 
0 0 0 0 0 0 0 0 0 0 0 0 0 0 0 0 95 104 104 104 104 104 104 104 104 104 104 104 104 104 104 104 104 104 104 104 104 104 104 101 96 96 96 111 95 95 95 95 95 95 95 95 95 95 95 95 95 95 95 95 95 95 95 95 95 95 99 104 104 104 104 101 111 95 110 100 104 104 104 104 104 104 104 95 0 0 0 0 0 0 0 0 0 0 0 0 0 0 0 0 
0 0 0 0 0 0 0 0 0 0 0 0 0 0 0 0 95 104 104 104 104 104 104 104 104 104 104 104 104 104 104 104 104 104 104 104 101 96 96 111 95 109 98 98 112 95 95 95 95 95 95 95 95 95 95 95 95 95 95 95 95 95 95 95 95 109 103 104 104 104 104 97 95 95 95 110 96 100 104 104 104 104 104 95 0 0 0 0 0 0 0 0 0 0 0 0 0 0 0 0 
0 0 0 0 0 0 0 0 0 0 0 0 0 0 0 0 95 104 104 104 104 104 104 104 104 104 104 104 104 104 104 104 104 101 96 96 111 95 95 109 98 103 104 104 97 95 95 95 95 95 95 95 95 95 95 95 95 95 95 95 95 95 95 95 109 103 104 104 104 104 104 97 95 95 95 95 95 110 100 104 104 104 104 95 0 0 0 0 0 0 0 0 0 0 0 0 0 0 0 0 
0 0 0 0 0 0 0 0 0 0 0 0 0 0 0 0 95 104 104 104 104 104 104 104 104 104 104 104 104 104 104 101 96 111 95 95 109 98 98 103 104 104 104 104 102 98 112 95 95 95 95 95 95 95 95 109 98 98 98 98 98 98 98 98 103 104 104 104 104 101 96 111 95 95 95 95 95 95 110 100 104 104 104 95 0 0 0 0 0 0 0 0 0 0 0 0 0 0 0 0 
0 0 0 0 0 0 0 0 0 0 0 0 0 0 0 0 95 104 104 104 104 104 104 104 104 104 104 104 104 104 101 111 109 98 98 98 103 104 104 104 104 104 104 104 104 104 102 112 95 95 95 95 95 95 95 99 104 104 104 104 104 104 104 104 104 104 104 104 101 111 95 95 95 95 95 95 95 95 95 110 100 104 104 95 0 0 0 0 0 0 0 0 0 0 0 0 0 0 0 0 
0 0 0 0 0 0 0 0 0 0 0 0 0 0 0 0 95 104 104 104 104 104 104 104 104 104 104 104 104 101 111 109 103 104 104 104 104 104 95 95 95 95 104 104 104 104 104 97 95 95 95 95 95 95 95 99 104 104 104 104 104 104 104 104 104 104 104 104 97 95 95 95 95 95 95 95 95 95 109 98 103 104 104 95 0 0 0 0 0 0 0 0 0 0 0 0 0 0 0 0 
0 0 0 0 0 0 0 0 0 0 0 0 0 0 0 0 95 104 104 104 104 104 104 104 104 104 104 101 96 111 109 103 104 104 95 95 95 95 95 95 95 95 104 104 104 104 104 97 95 95 95 95 95 95 95 99 104 104 104 104 104 104 104 104 104 104 104 104 97 95 95 95 95 95 95 95 95 95 99 104 104 104 104 95 0 0 0 0 0 0 0 0 0 0 0 0 0 0 0 0 
0 0 0 0 0 0 0 0 0 0 0 0 0 0 0 0 95 104 104 104 104 104 104 104 104 104 101 111 95 109 103 104 104 95 95 95 95 95 95 95 95 104 104 104 104 104 104 97 95 95 95 95 95 95 95 99 104 104 104 104 104 104 104 104 104 104 104 101 111 95 95 95 95 95 95 95 95 95 99 104 104 104 104 95 0 0 0 0 0 0 0 0 0 0 0 0 0 0 0 0 
0 0 0 0 0 0 0 0 0 0 0 0 0 0 0 0 95 104 104 104 104 104 104 104 101 96 111 95 109 103 104 104 95 95 95 95 95 95 109 98 104 104 105 104 104 104 104 97 95 95 95 95 95 95 95 99 104 104 104 104 104 104 104 104 104 104 104 97 95 95 95 95 95 95 95 95 95 95 99 104 104 104 104 95 0 0 0 0 0 0 0 0 0 0 0 0 0 0 0 0 
0 0 0 0 0 0 0 0 0 0 0 0 0 0 0 0 95 104 104 104 104 104 104 104 97 95 95 109 103 104 95 95 95 95 95 95 95 104 104 131 104 101 115 100 104 104 104 97 95 95 95 95 95 95 95 110 100 104 104 104 104 104 104 104 104 104 104 97 95 95 95 95 95 95 95 95 95 95 99 104 104 104 104 95 0 0 0 0 0 0 0 0 0 0 0 0 0 0 0 0 
0 0 0 0 0 0 0 0 0 0 0 0 0 0 0 0 95 104 104 104 104 104 104 104 97 95 95 99 104 104 95 95 95 95 95 95 104 104 101 96 119 126 98 103 104 104 104 97 95 95 95 95 95 95 95 95 99 104 101 96 96 100 104 104 104 104 101 111 95 95 95 95 95 95 95 95 95 95 110 100 104 104 104 95 0 0 0 0 0 0 0 0 0 0 0 0 0 0 0 0 
0 0 0 0 0 0 0 0 0 0 0 0 0 0 0 0 95 104 104 104 104 104 104 101 111 95 95 99 104 95 95 95 95 95 95 95 104 101 117 98 103 104 104 104 104 104 104 102 112 95 95 95 95 95 95 95 110 96 111 95 95 110 96 96 96 96 111 95 95 95 95 95 95 95 95 95 95 95 95 110 100 104 104 95 0 0 0 0 0 0 0 0 0 0 0 0 0 0 0 0 
0 0 0 0 0 0 0 0 0 0 0 0 0 0 0 0 95 104 104 104 104 104 104 102 112 95 95 99 104 95 95 95 95 95 95 95 104 97 99 104 104 104 104 104 104 104 104 104 97 95 95 95 95 95 95 95 95 95 95 95 95 95 95 95 95 95 95 95 95 95 95 95 95 95 95 95 95 95 95 95 99 104 104 95 0 0 0 0 0 0 0 0 0 0 0 0 0 0 0 0 
0 0 0 0 0 0 0 0 0 0 0 0 0 0 0 0 95 104 104 104 104 104 104 104 97 95 95 99 104 95 95 95 95 95 95 95 104 97 99 104 104 104 104 104 104 104 104 104 97 95 95 95 95 95 95 95 95 95 95 95 95 95 95 95 95 95 95 95 95 95 95 95 95 95 95 95 95 95 95 95 99 104 104 95 0 0 0 0 0 0 0 0 0 0 0 0 0 0 0 0 
0 0 0 0 0 0 0 0 0 0 0 0 0 0 0 0 95 104 104 104 104 104 104 104 97 95 95 99 104 95 95 95 95 95 95 95 104 97 99 104 104 104 104 104 104 104 101 96 111 95 95 95 95 95 95 95 95 95 95 95 95 95 95 95 95 95 95 95 95 95 95 95 95 95 95 95 95 95 95 95 99 104 104 95 0 0 0 0 0 0 0 0 0 0 0 0 0 0 0 0 
0 0 0 0 0 0 0 0 0 0 0 0 0 0 0 0 95 104 104 104 104 104 104 104 97 95 95 99 104 104 95 95 95 95 95 95 104 97 99 104 104 104 104 104 101 96 111 95 95 95 95 95 95 95 95 95 95 95 95 95 95 95 95 95 95 95 95 109 98 98 98 98 98 98 98 112 95 95 95 95 99 104 104 95 0 0 0 0 0 0 0 0 0 0 0 0 0 0 0 0 
0 0 0 0 0 0 0 0 0 0 0 0 0 0 0 0 95 104 104 104 104 104 104 104 97 95 95 110 100 104 104 95 95 95 95 95 104 97 99 104 104 104 104 104 97 95 95 95 95 95 95 95 95 95 95 95 95 95 95 95 95 95 95 95 95 95 109 103 104 104 104 104 104 104 104 102 112 95 95 95 99 104 104 95 0 0 0 0 0 0 0 0 0 0 0 0 0 0 0 0 
0 0 0 0 0 0 0 0 0 0 0 0 0 0 0 0 95 104 104 104 104 104 104 104 97 95 95 95 110 100 104 95 95 95 95 95 104 97 110 100 104 104 104 104 97 95 95 95 95 95 95 95 95 95 95 95 95 95 95 95 95 95 95 95 95 109 103 104 104 104 104 104 104 95 104 104 97 95 95 95 99 104 104 95 0 0 0 0 0 0 0 0 0 0 0 0 0 0 0 0 
0 0 0 0 0 0 0 0 0 0 0 0 0 0 0 0 95 104 104 104 104 104 104 104 102 112 95 95 95 99 104 95 95 95 95 104 104 97 109 103 104 104 104 104 97 95 95 95 95 95 95 95 95 95 95 95 95 95 95 95 95 95 95 109 98 103 104 104 104 104 104 95 95 95 95 104 97 95 95 109 103 104 104 95 0 0 0 0 0 0 0 0 0 0 0 0 0 0 0 0 
0 0 0 0 0 0 0 0 0 0 0 0 0 0 0 0 95 104 104 104 104 104 104 104 104 97 95 95 95 99 104 104 104 104 104 101 96 117 103 104 104 104 104 104 97 95 95 95 95 95 95 95 95 95 95 95 95 95 95 95 95 95 109 103 104 104 104 95 95 95 95 95 95 95 95 104 97 95 95 99 104 104 104 95 0 0 0 0 0 0 0 0 0 0 0 0 0 0 0 0 
0 0 0 0 0 0 0 0 0 0 0 0 0 0 0 0 95 104 104 104 104 104 104 104 104 97 95 95 95 110 96 96 96 96 96 111 109 103 104 104 104 104 104 104 97 95 95 95 95 95 95 95 95 95 95 95 95 95 95 95 95 109 103 104 104 95 95 95 95 95 95 95 95 95 95 104 97 95 95 99 104 104 104 95 0 0 0 0 0 0 0 0 0 0 0 0 0 0 0 0 
0 0 0 0 0 0 0 0 0 0 0 0 0 0 0 0 95 104 104 104 104 104 104 104 104 97 95 95 95 95 95 95 95 95 95 109 103 104 104 95 95 104 104 104 102 98 98 98 98 112 95 95 95 109 98 98 98 112 95 95 95 99 104 104 95 95 95 95 95 95 95 95 95 95 104 104 97 95 95 99 104 104 104 95 0 0 0 0 0 0 0 0 0 0 0 0 0 0 0 0 
0 0 0 0 0 0 0 0 0 0 0 0 0 0 0 0 95 104 104 104 104 104 104 104 101 111 95 95 95 95 95 95 95 95 95 99 104 104 95 95 95 95 95 95 104 131 131 104 104 102 98 112 109 103 104 104 104 97 95 95 109 103 104 95 95 95 95 95 95 95 95 95 95 95 104 101 111 95 109 122 108 104 104 95 0 0 0 0 0 0 0 0 0 0 0 0 0 0 0 0 
0 0 0 0 0 0 0 0 0 0 0 0 0 0 0 0 95 104 104 104 104 104 104 104 102 112 95 95 109 98 98 98 98 98 98 103 104 95 95 95 95 95 95 95 110 96 96 111 104 104 104 102 103 104 104 101 96 111 95 95 99 104 104 95 95 95 95 95 95 95 95 95 95 104 104 97 109 98 103 104 104 104 104 95 0 0 0 0 0 0 0 0 0 0 0 0 0 0 0 0 
0 0 0 0 0 0 0 0 0 0 0 0 0 0 0 0 95 104 104 104 104 104 104 104 104 102 113 98 103 104 104 104 104 104 104 104 95 95 95 95 95 95 95 95 95 95 95 95 95 95 104 104 104 104 101 111 95 95 95 109 103 104 95 95 95 95 95 109 98 112 95 95 95 104 101 117 103 104 104 104 104 104 104 95 0 0 0 0 0 0 0 0 0 0 0 0 0 0 0 0 
0 0 0 0 0 0 0 0 0 0 0 0 0 0 0 0 95 104 104 104 104 104 104 104 104 104 107 104 104 104 104 104 104 104 104 104 95 95 95 95 95 95 95 95 95 95 95 95 95 95 95 104 104 104 97 109 98 98 98 125 104 104 95 95 95 95 95 99 104 97 95 95 104 101 111 99 104 104 104 104 104 104 104 95 0 0 0 0 0 0 0 0 0 0 0 0 0 0 0 0 
0 0 0 0 0 0 0 0 0 0 0 0 0 0 0 0 95 104 104 104 104 104 104 104 104 104 104 104 104 104 104 104 104 104 95 95 95 95 95 95 95 95 95 95 95 95 95 95 95 95 95 104 104 101 111 99 104 104 104 107 104 95 95 95 95 95 95 110 96 111 95 104 104 97 109 103 104 104 104 104 104 104 104 95 0 0 0 0 0 0 0 0 0 0 0 0 0 0 0 0 
0 0 0 0 0 0 0 0 0 0 0 0 0 0 0 0 95 104 104 104 104 104 104 104 104 104 104 104 104 104 104 104 104 104 95 95 95 95 95 95 95 95 95 95 95 95 95 95 95 95 95 104 104 97 95 99 104 104 104 104 105 104 104 131 104 104 104 104 104 104 104 104 101 111 99 104 104 104 104 104 104 104 104 95 0 0 0 0 0 0 0 0 0 0 0 0 0 0 0 0 
0 0 0 0 0 0 0 0 0 0 0 0 0 0 0 0 95 104 104 104 104 104 104 104 104 104 104 104 104 104 105 104 104 104 104 95 95 95 95 95 95 95 95 95 95 95 95 95 95 95 104 104 101 111 95 99 104 104 104 104 127 96 96 96 96 96 96 96 96 96 96 96 111 109 103 104 104 104 104 104 104 104 104 95 0 0 0 0 0 0 0 0 0 0 0 0 0 0 0 0 
0 0 0 0 0 0 0 0 0 0 0 0 0 0 0 0 95 104 104 104 104 104 104 104 104 104 104 104 101 96 115 96 96 96 100 104 104 95 95 95 95 95 95 95 95 95 95 95 95 95 104 101 111 95 95 99 104 104 104 104 97 95 95 95 95 95 95 109 98 98 98 98 98 103 104 104 104 104 104 104 104 104 104 95 0 0 0 0 0 0 0 0 0 0 0 0 0 0 0 0 
0 0 0 0 0 0 0 0 0 0 0 0 0 0 0 0 95 104 104 104 104 104 104 104 104 104 101 96 111 95 109 98 98 112 110 100 104 104 95 95 95 95 95 95 95 95 95 95 95 104 104 97 95 95 109 103 104 95 104 104 102 112 95 95 95 95 95 99 104 104 104 104 104 104 104 104 104 104 104 104 104 104 104 95 0 0 0 0 0 0 0 0 0 0 0 0 0 0 0 0 
0 0 0 0 0 0 0 0 0 0 0 0 0 0 0 0 95 104 104 104 104 104 104 104 104 104 97 95 95 109 103 104 104 102 112 110 100 104 104 95 95 95 95 95 95 95 95 95 104 104 101 111 95 109 103 104 95 95 95 104 104 97 95 95 109 98 98 103 104 104 104 104 104 104 104 104 104 104 104 104 104 104 104 95 0 0 0 0 0 0 0 0 0 0 0 0 0 0 0 0 
0 0 0 0 0 0 0 0 0 0 0 0 0 0 0 0 95 104 104 104 104 104 104 104 104 101 111 95 109 103 104 104 104 104 102 98 118 100 104 104 104 104 104 104 104 104 104 104 104 101 111 95 109 103 104 104 95 95 95 95 104 102 98 112 99 104 104 104 104 104 104 104 104 104 104 104 104 104 104 104 104 104 104 95 0 0 0 0 0 0 0 0 0 0 0 0 0 0 0 0 
0 0 0 0 0 0 0 0 0 0 0 0 0 0 0 0 95 104 104 104 104 104 104 104 101 111 95 95 99 104 104 95 95 104 104 104 102 122 124 96 96 96 96 96 96 96 96 96 96 111 95 95 99 104 104 95 95 95 95 95 104 131 104 102 103 104 104 104 104 104 104 104 104 104 104 104 104 104 104 104 104 104 104 95 0 0 0 0 0 0 0 0 0 0 0 0 0 0 0 0 
0 0 0 0 0 0 0 0 0 0 0 0 0 0 0 0 95 104 104 104 104 104 104 104 97 95 95 95 99 104 95 95 95 95 95 104 104 104 102 112 95 95 95 95 95 95 95 95 95 95 95 95 99 104 95 95 95 95 95 95 110 96 111 104 104 104 104 104 104 104 104 104 104 104 104 104 104 104 104 104 104 104 104 95 0 0 0 0 0 0 0 0 0 0 0 0 0 0 0 0 
0 0 0 0 0 0 0 0 0 0 0 0 0 0 0 0 95 104 104 104 104 104 104 104 97 95 109 98 103 104 95 95 95 95 95 95 95 104 104 102 112 95 95 95 95 95 95 95 95 95 95 95 110 100 104 104 104 95 95 95 95 95 95 104 104 104 104 104 104 104 104 104 104 104 104 104 104 104 104 104 104 104 104 95 0 0 0 0 0 0 0 0 0 0 0 0 0 0 0 0 
0 0 0 0 0 0 0 0 0 0 0 0 0 0 0 0 95 104 104 104 104 104 104 101 111 109 103 104 104 104 95 95 95 95 95 95 95 95 104 104 97 95 95 95 95 95 95 95 95 95 95 95 95 110 96 100 104 104 104 95 95 95 95 104 105 104 104 104 104 104 104 104 104 104 104 104 104 104 104 104 104 104 104 95 0 0 0 0 0 0 0 0 0 0 0 0 0 0 0 0 
0 0 0 0 0 0 0 0 0 0 0 0 0 0 0 0 95 104 104 104 104 104 104 97 109 103 104 104 95 95 95 95 95 95 95 95 95 95 95 104 102 112 95 95 95 95 95 95 95 95 95 95 95 95 95 110 96 100 104 104 104 104 104 104 97 100 104 104 104 104 104 104 104 104 104 104 104 104 104 104 104 104 104 95 0 0 0 0 0 0 0 0 0 0 0 0 0 0 0 0 
0 0 0 0 0 0 0 0 0 0 0 0 0 0 0 0 95 104 104 104 104 104 104 97 99 104 104 95 95 95 95 95 95 95 95 95 95 95 95 95 104 102 112 95 95 95 95 95 95 95 95 95 95 95 95 95 95 110 96 96 96 96 96 96 111 99 104 104 104 104 104 104 104 104 104 104 104 104 104 104 104 104 104 95 0 0 0 0 0 0 0 0 0 0 0 0 0 0 0 0 
0 0 0 0 0 0 0 0 0 0 0 0 0 0 0 0 95 104 104 104 104 104 101 111 99 104 104 95 95 95 95 95 95 95 95 95 95 95 95 95 104 104 97 95 95 95 95 95 95 95 95 95 95 95 95 95 95 95 95 95 95 95 95 95 95 99 104 104 104 104 104 104 104 104 104 104 104 104 104 104 104 104 104 95 0 0 0 0 0 0 0 0 0 0 0 0 0 0 0 0 
0 0 0 0 0 0 0 0 0 0 0 0 0 0 0 0 95 104 104 104 104 106 116 95 110 100 104 104 104 104 95 95 95 95 95 95 95 95 95 95 95 104 102 98 112 95 95 95 95 95 95 95 95 95 95 95 95 95 95 95 95 95 95 95 95 110 100 104 104 104 104 104 104 104 104 104 104 104 104 104 104 104 104 95 0 0 0 0 0 0 0 0 0 0 0 0 0 0 0 0 
0 0 0 0 0 0 0 0 0 0 0 0 0 0 0 0 95 104 104 104 104 104 102 98 98 118 96 96 100 104 104 104 95 95 95 95 95 95 95 95 95 104 104 104 102 112 95 95 95 95 95 95 95 95 95 95 95 95 95 95 95 95 95 95 95 95 110 96 100 104 104 104 104 104 104 104 104 104 104 104 104 104 104 95 0 0 0 0 0 0 0 0 0 0 0 0 0 0 0 0 
0 0 0 0 0 0 0 0 0 0 0 0 0 0 0 0 95 104 104 104 104 104 104 104 104 102 98 95 110 96 100 104 104 104 95 95 95 109 98 112 95 95 95 104 104 97 95 95 95 95 109 98 98 98 98 98 98 112 95 95 95 95 95 95 95 95 95 95 110 100 104 104 104 104 104 104 104 104 104 104 104 104 104 95 0 0 0 0 0 0 0 0 0 0 0 0 0 0 0 0 
0 0 0 0 0 0 0 0 0 0 0 0 0 0 0 0 95 104 104 104 104 104 104 104 104 104 104 102 112 95 110 96 100 104 104 104 104 104 131 97 95 95 104 104 104 97 95 95 95 109 103 104 104 104 104 104 104 102 98 98 98 98 112 95 95 95 95 95 95 110 100 104 104 104 104 104 104 104 104 104 104 104 104 95 0 0 0 0 0 0 0 0 0 0 0 0 0 0 0 0 
0 0 0 0 0 0 0 0 0 0 0 0 0 0 0 0 95 104 104 104 104 104 104 104 104 104 104 104 102 98 98 98 118 96 96 96 100 104 131 104 95 104 101 96 96 111 95 109 98 103 104 104 104 104 104 104 104 104 104 104 104 104 97 95 95 95 95 95 95 95 110 100 104 104 104 104 104 104 104 104 104 104 104 95 0 0 0 0 0 0 0 0 0 0 0 0 0 0 0 0 
0 0 0 0 0 0 0 0 0 0 0 0 0 0 0 0 95 104 104 104 104 104 104 104 104 104 104 104 104 104 104 104 102 112 95 95 99 104 105 104 104 104 97 109 98 98 98 103 104 104 104 104 104 104 104 104 104 104 104 104 104 104 102 98 112 95 95 95 95 95 95 110 100 104 104 104 104 104 104 104 104 104 104 95 0 0 0 0 0 0 0 0 0 0 0 0 0 0 0 0 
0 0 0 0 0 0 0 0 0 0 0 0 0 0 0 0 95 104 104 104 104 104 104 104 104 104 104 104 104 104 104 104 104 102 98 98 103 104 127 96 96 96 117 103 104 104 104 104 104 104 104 104 104 104 104 104 104 104 104 104 104 104 104 104 102 98 112 95 95 95 95 95 110 100 104 104 104 104 104 104 104 104 104 95 0 0 0 0 0 0 0 0 0 0 0 0 0 0 0 0 
0 0 0 0 0 0 0 0 0 0 0 0 0 0 0 0 95 104 104 104 104 104 104 104 104 104 104 104 104 104 104 104 104 104 104 104 104 104 102 98 112 109 103 104 104 104 104 104 104 104 104 104 104 104 104 104 104 104 104 104 104 104 104 104 104 104 102 98 98 98 112 95 95 110 100 104 104 104 104 104 104 104 104 95 0 0 0 0 0 0 0 0 0 0 0 0 0 0 0 0 
0 0 0 0 0 0 0 0 0 0 0 0 0 0 0 0 95 104 104 104 104 104 104 104 104 104 104 104 104 104 104 104 104 104 104 104 104 104 104 104 102 103 104 104 104 104 104 104 104 104 104 104 104 104 104 104 104 104 104 104 104 104 104 104 104 104 104 104 104 104 97 95 95 95 99 104 104 104 104 104 104 104 104 95 0 0 0 0 0 0 0 0 0 0 0 0 0 0 0 0 
0 0 0 0 0 0 0 0 0 0 0 0 0 0 0 0 95 104 104 104 104 104 104 104 104 104 104 104 104 104 104 104 104 104 104 104 104 104 104 104 104 104 104 104 104 104 104 104 104 104 104 104 104 104 104 104 104 104 104 104 104 104 104 104 104 104 104 104 104 104 102 98 98 112 110 104 104 104 104 104 104 104 104 95 0 0 0 0 0 0 0 0 0 0 0 0 0 0 0 0 
0 0 0 0 0 0 0 0 0 0 0 0 0 0 0 0 95 104 104 104 104 104 104 104 104 104 104 104 104 104 104 104 104 104 104 104 104 104 104 104 104 104 104 104 104 104 104 104 104 104 104 104 104 104 104 104 104 104 104 104 104 104 104 104 104 104 104 104 104 104 104 104 104 104 132 104 104 104 104 104 104 104 104 95 0 0 0 0 0 0 0 0 0 0 0 0 0 0 0 0 
0 0 0 0 0 0 0 0 0 0 0 0 0 0 0 0 95 104 104 104 104 104 104 104 104 104 104 104 104 104 104 104 104 104 104 104 104 104 104 104 104 104 104 104 104 104 104 104 104 104 104 104 104 104 104 104 104 104 104 104 104 104 104 104 104 104 104 104 104 104 104 104 104 104 104 104 104 104 104 104 104 104 104 95 0 0 0 0 0 0 0 0 0 0 0 0 0 0 0 0 
0 0 0 0 0 0 0 0 0 0 0 0 0 0 0 0 95 95 95 95 95 95 95 95 95 95 95 95 95 95 95 95 95 95 95 95 95 95 95 95 95 95 95 95 95 95 95 95 95 95 95 95 95 95 95 95 95 95 95 95 95 95 95 95 95 95 95 95 95 95 95 95 95 95 95 95 95 95 95 95 95 95 95 95 0 0 0 0 0 0 0 0 0 0 0 0 0 0 0 0 
0 0 0 0 0 0 0 0 0 0 0 0 0 0 0 0 0 0 0 0 0 0 0 0 0 0 0 0 0 0 0 0 0 0 0 0 0 0 0 0 0 0 0 0 0 0 0 0 0 0 0 0 0 0 0 0 0 0 0 0 0 0 0 0 0 0 0 0 0 0 0 0 0 0 0 0 0 0 0 0 0 0 0 0 0 0 0 0 0 0 0 0 0 0 0 0 0 0 0 0 
0 0 0 0 0 0 0 0 0 0 0 0 0 0 0 0 0 0 0 0 0 0 0 0 0 0 0 0 0 0 0 0 0 0 0 0 0 0 0 0 0 0 0 0 0 0 0 0 0 0 0 0 0 0 0 0 0 0 0 0 0 0 0 0 0 0 0 0 0 0 0 0 0 0 0 0 0 0 0 0 0 0 0 0 0 0 0 0 0 0 0 0 0 0 0 0 0 0 0 0 
0 0 0 0 0 0 0 0 0 0 0 0 0 0 0 0 0 0 0 0 0 0 0 0 0 0 0 0 0 0 0 0 0 0 0 0 0 0 0 0 0 0 0 0 0 0 0 0 0 0 0 0 0 0 0 0 0 0 0 0 0 0 0 0 0 0 0 0 0 0 0 0 0 0 0 0 0 0 0 0 0 0 0 0 0 0 0 0 0 0 0 0 0 0 0 0 0 0 0 0 
0 0 0 0 0 0 0 0 0 0 0 0 0 0 0 0 0 0 0 0 0 0 0 0 0 0 0 0 0 0 0 0 0 0 0 0 0 0 0 0 0 0 0 0 0 0 0 0 0 0 0 0 0 0 0 0 0 0 0 0 0 0 0 0 0 0 0 0 0 0 0 0 0 0 0 0 0 0 0 0 0 0 0 0 0 0 0 0 0 0 0 0 0 0 0 0 0 0 0 0 
0 0 0 0 0 0 0 0 0 0 0 0 0 0 0 0 0 0 0 0 0 0 0 0 0 0 0 0 0 0 0 0 0 0 0 0 0 0 0 0 0 0 0 0 0 0 0 0 0 0 0 0 0 0 0 0 0 0 0 0 0 0 0 0 0 0 0 0 0 0 0 0 0 0 0 0 0 0 0 0 0 0 0 0 0 0 0 0 0 0 0 0 0 0 0 0 0 0 0 0 
0 0 0 0 0 0 0 0 0 0 0 0 0 0 0 0 0 0 0 0 0 0 0 0 0 0 0 0 0 0 0 0 0 0 0 0 0 0 0 0 0 0 0 0 0 0 0 0 0 0 0 0 0 0 0 0 0 0 0 0 0 0 0 0 0 0 0 0 0 0 0 0 0 0 0 0 0 0 0 0 0 0 0 0 0 0 0 0 0 0 0 0 0 0 0 0 0 0 0 0 
0 0 0 0 0 0 0 0 0 0 0 0 0 0 0 0 0 0 0 0 0 0 0 0 0 0 0 0 0 0 0 0 0 0 0 0 0 0 0 0 0 0 0 0 0 0 0 0 0 0 0 0 0 0 0 0 0 0 0 0 0 0 0 0 0 0 0 0 0 0 0 0 0 0 0 0 0 0 0 0 0 0 0 0 0 0 0 0 0 0 0 0 0 0 0 0 0 0 0 0 
0 0 0 0 0 0 0 0 0 0 0 0 0 0 0 0 0 0 0 0 0 0 0 0 0 0 0 0 0 0 0 0 0 0 0 0 0 0 0 0 0 0 0 0 0 0 0 0 0 0 0 0 0 0 0 0 0 0 0 0 0 0 0 0 0 0 0 0 0 0 0 0 0 0 0 0 0 0 0 0 0 0 0 0 0 0 0 0 0 0 0 0 0 0 0 0 0 0 0 0 
0 0 0 0 0 0 0 0 0 0 0 0 0 0 0 0 0 0 0 0 0 0 0 0 0 0 0 0 0 0 0 0 0 0 0 0 0 0 0 0 0 0 0 0 0 0 0 0 0 0 0 0 0 0 0 0 0 0 0 0 0 0 0 0 0 0 0 0 0 0 0 0 0 0 0 0 0 0 0 0 0 0 0 0 0 0 0 0 0 0 0 0 0 0 0 0 0 0 0 0 
